100017
100019
100033459
100034361
100035767
100037258
100037282
100038645
100038882
100039086
100039116
100039163
100039214
100039229
100039258
100039376
100039556
100039740
100039762
100039795
100039827
100039840
100039870
100039875
100039959
100040001
100040053
100040109
100040551
100040608
100040634
100040766
100040898
100041194
100041204
100041230
100041236
100041265
100041273
100041325
100041342
100041399
100041576
100041687
100041720
100041748
100041831
100042025
100042107
100042148
100042150
100042349
100042375
100042427
100042480
100042503
100042746
100042784
100042799
100042856
100043022
100043034
100043084
100043215
100043283
100043330
100043349
100043424
100043475
100043597
100043659
100043724
100043755
100043780
100043797
100043813
100043839
100043853
100043876
100049603
100073351
100088
100090
100113365
100126226
100126766
100126824
100129
100155
100169
100198
100201
100216474
100226
100233175
100273
100317
100336
100383
100416116
100434
100494
100502698
100502766
100502825
100502841
100502861
100503043
100503085
100503605
100503659
100503670
100504162
100504617
100504663
100515
100535
100561
100604
100608
100609
100678
100683
100705
100710
100715
100732
100737
100756
100763
100855
100900
100929
100972
100986
101023
101118
101122
101154638
101185
101206
101214
101240
101314
101351
101437
101476
101488143
101489
101490
101513
101540
101543
101565
101568
101592
101612
101706
101739
101809
101831
101861
101867
101869
101943
101994
102032
102058
102060
102093
102098
102115
102122
102141
102162
102193
102247
102278
102294
102323
102339
102414
102423
102436
102448
102462
102502
102545
102566
102595
102607
102614
102626
102632
102638882
102640804
102657
102693
102774
102866
102902673
102920
102991
103080
103135
103136
103213
103266
103268
103284
103425
103466
103468
103511
103534
103537
103551
103554
103573
103583
103655
103677
103694
103710
103724
103733
103737
103743
103768
103784
103806
103841
103844
103889
103921
103963
103964
103967
103968
103978
103983
103988
104001
104009
104015
104027
104069
104082
104086
104103
104110
104111
104112
104130
104156
104174
104183
104184
104215
104248
104263
104271
104303
104318
104324
104346
104348
104354
104360
104362
104383
104394
104401
104416
104418
104444
104445
104457
104458
104601
104662
104681
104718
104721
104732
104759
104776
104799
104806
104831
104836
104871
104884
104886
104923
105000
105083
105148
105193
105203
105243
105244208
105245
105246
105298
105351
105372
105377
105440
105445
105446
105450
105501
105504
105513
105522
105653
105670
105675
105689
105722
105727
105732
105782
105785
105787
105833
105835
105841
105844
105847
105853
105855
105859
105866
105988
106021
106025
106039
106042
106052
106073
106143
106248
106298
106326
106344
106389
106393
106504
106529
106572
106582
106583
106585
106628
106633
106639
106759
106763
106766
106794
106795
106821
106840
106869
106894
106952
106957
107022
107029
107045
107047
107065
107071
107094
107182
107227
107239
107242
107260
107271
107272
107305
107321
107358
107368
107371
107375
107392
107435
107448
107449
107476
107477
107503
107508
107513
107522
107528
107566
107568
107569
107581
107589
107607
107650
107652
107656
107684
107686
107701
107702
107723
107732
107733
107734
107746
107747
107751
107765
107767
107815
107817
107823
107829
107831
107869
107885
107932
107934
107939
107951
107970
107971
107975
107976
107986
107993
107995
108000
108011
108012
108014
108030
108037
108058
108062
108068
108069
108071
108073
108079
108083
108086
108089
108097
108098
108099
108100
108101
108105
108115
108121
108123
108124
108143
108147
108148
108150
108151
108153
108155
108156
108159
108161
108167922
108645
108652
108655
108664
108670
108671
108672
108679
108682
108686
108689
108699
108705
108707
108723
108735
108737
108755
108760
108767
108797
108800
108812
108829
108837
108841
108857
108888
108897
108902
108903
108907
108909
108911
108912
108937
108946
108954
108960
108989
109006
109032
109042
109050
109052
109065
109075
109077
109079
109082
109093
109095
109108
109115
109129
109135
109136
109145
109151
109154
109161
109168
109181
109205
109212
109229
109232
109246
109263
109264
109270
109272
109294
109305
109331
109333
109359
109543
109552
109593
109594
109620
109624
109648
109652
109658
109663
109672
109674
109676
109689
109700
109711
109731
109740
109741
109754
109776
109778
109782
109785
109801
109815
109825
109857
109880
109889
109900
109901
109905
109910
109934
110006
110033
110052
110058
110074
110075
110078
110082
110083
110094
110095
110109
110112
110115
110119
110135
110147
110157
110173
110175
110196
110197
110198
110208
110213
110219
110253
110265
110279
110308
110310
110312
110323
110350
110351
110355
110379
110380
110382
110391
110446
110460
110524
110558
110593
110595
110596
110606
110611
110616
110637
110639
110648
110651
110695
110749
110750
110784
110786
110789
110809
110816
110821
110826
110829
110834
110835
110842
110854
110855
110862
110876
110886
110891
110895
110907
110911
110920
110935
110948
110954
110957
110959
110960
111173
111175
111241
111345
111384
112295
112405
112406
112407
11287
11303
11304
11305
11306
11307
11308
11350
11352
11363
11364
11370
113848
113868
11409
114142
114143
11416
11418
11419
11421
114228
11423
114249
114255
11426
11428
11429
11430
114301
11431
11432
11434
11435
11438
11441
11443
11447
11450
114564
114565
114566
114584
114585
11459
114601
114602
114606
11461
11464
114641
114642
114644
11465
114664
114675
114679
11468
114712
114713
114714
114715
114716
11472
114729
114730
11474
114741
11475
11477
114774
11479
11480
11481
11482
11484
11486
114863
11487
114873
114874
114875
11488
114886
114889
11489
114893
114896
11490
11491
11492
11495
11496
11499
11500
11501
11502
11504
11512
11513
11514
11515
11516
11518
11519
11520
11522
11532
11534
11535
11537
11538
11544
11545
11546
11548
11550
11551
11564
11565
11566
11567
11568
11569
11593
11595
11602
11603
11605
11606
11607
11610
11614
11615
11622
11624
11625
11628
11630
11632
11634
11636
11637
11639
11640
11642
11643
11647
11648
11651
11652
11655
11657
11658
11666
11668
11669
11670
116701
11671
116731
116733
11674
11676
11677
11682
116837
116838
116848
11687
116870
116871
116872
116873
11689
116891
11690
11692
11694
116940
11695
11699
11702
117146
117148
117149
117150
117158
11717
117197
117198
11720
11722
117229
11732
11733
11735
11736
11737
11739
11740
11744
11745
11746
11747
11749
11750
11752
11754
11757
11758
117599
117600
117606
11764
11765
11766
11767
11769
11770
11771
11772
11773
11774
11775
11776
11777
11781
11782
11783
11784
11785
11787
11789
11790
11792
11793
11796
11797
11798
11799
11800
11801
11803
11804
11806
11807
11808
11810
11811
11816
11818
11820
11821
11827
11828
11829
11834
11835
11836
11837
11838
11840
11841
11842
11843
11844
118445
118449
11845
118451
11846
11848
11852
11853
11854
11855
11857
11858
11863
11864
11865
11867
11876
11877
11881
11883
11886
11889
11891
11898
11899
11905
11906
11907
11908
11909
11910
11911
11920
11921
11923
11924
11927
11928
11931
11932
11933
11936
11937
11938
11941
11944
11946
11947
11949
11950
11951
11957
11958
11964
11966
11972
11973
11974
11975
11977
11979
11980
11981
11983
11984
11987
11988
11989
11990
11991
11992
11993
11994
12005
12006
12007
12009
12010
12013
12014
12015
12017
12018
12020
12021
12022
12023
12028
12029
12032
12033
12034
12035
12038
12039
12040
12041
12042
12043
12044
12048
12049
12050
12051
12053
12055
12057
12064
12068
12070
12075
12091
121021
121022
12111
12116
12121
12122
12125
12140
12142
12143
12144
12151
12153
12156
12159
12160
12161
12162
12163
12165
12166
12168
12169
12175
12176
12177
12180
12181
12183
12189
12190
12192
12211
12215
12217
12223
12224
12226
12227
12228
12229
12234
12235
12236
12237
12238
12257
12259
12260
12261
12262
12265
12266
12268
12273
12279
12282
12283
12286
12287
12288
12289
12290
12293
12295
12296
12297
12298
12300
12301
12304
12305
12306
12307
12308
12313
12314
12315
12316
12317
12319
12321
12322
12323
12325
12326
12328
12330
12331
12332
12333
12334
12335
12336
12337
12338
12339
12340
12343
12345
12346
12349
12350
12355
12359
12361
12362
12364
12366
12367
12368
12369
12370
12371
12372
12374
12380
12385
12386
12387
12388
12389
12391
12393
12394
12395
12398
12399
12400
12402
12404
12406
12408
12411
12412
12416
12417
12418
12419
12421
12424
12427
12428
12442
12443
12444
12445
12447
12449
12450
12454
12455
12460
12461
12462
12464
12465
12466
12467
12468
12469
12475
12476
12477
12478
12482
12483
12488
12491
12492
12494
12496
12497
12501
12503
12504
12505
12511
12512
12514
12516
12517
12518
12520
12521
12522
12527
12531
12532
12534
12537
12539
12540
12544
12545
12549
12550
12552
12554
12555
12557
12558
12561
12562
12566
12567
12568
12569
12571
12572
12575
12576
12577
12578
12579
12580
12581
12585
12589
12590
12591
12592
12593
12606
12607
12608
12609
12611
12614
12616
12617
12622
12623
12628
12630
12631
12632
12633
12638
12648
12649
12651
12652
12653
12654
12660
12661
12662
12671
12672
12675
12677
12683
12695
12696
12700
12702
12703
12704
12705
12709
12715
12716
12721
12722
12727
12728
12729
12737
12740
12745
12747
12748
12751
12753
12757
12759
12764
12767
12768
12769
12772
12776
12785
12788
12790
12797
12798
12799
12801
12802
12803
12804
12805
12807
12808
12810
12812
12814
12815
12816
12818
12822
12824
12825
12826
12827
12828
12829
12831
12832
12833
12834
12835
12836
12842
12843
12845
12846
12847
12848
12850
12856
12857
12858
12859
12861
12864
12865
12866
12867
12870
12873
12874
12876
12877
12879
12889
12890
12891
12892
12894
12895
12896
12905
12908
12909
12912
12913
12914
12915
12916
12922
12925
12927
12928
12929
12931
12933
12934
12936
12943
12944
12945
12946
12950
12951
12952
12953
12954
12955
12957
12958
12959
12960
12961
12962
12965
12966
12967
12968
12969
12970
12971
12972
12974
12978
12982
12983
12984
12986
12988
12991
12994
12995
13000
13001
13002
13003
13004
13006
13007
13008
13009
13010
13014
13016
13017
13018
13026
13030
13032
13033
13035
13036
13039
13040
13041
13043
13046
13047
13052
13057
13058
13063
13067
13070
13074
13075
13077
13078
13079
13081
13085
13095
13099
13106
13107
13109
13115
13116
13120
13121
13123
13131
13132
13134
13135
13136
13138
13139
13143
13144
13162
13163
13164
13167
13169
13170
13171
13172
13175
13176
13177
13180
13191
13193
13194
13196
13197
13198
13199
13200
13202
13204
13205
13206
13207
13209
13211
13215
13244
13340
13346
13347
13350
13356
13358
13360
13361
13367
13368
13380
13382
13383
13384
13385
13386
13388
13389
13390
13392
13394
13395
13401
13404
13405
13418
13423
13424
13426
13427
13429
13430
13433
13435
13436
13437
13445
13446
13447
13448
13449
13476
13478
13479
13480
13482
13483
13486
13488
13489
13490
13494
13495
13496
13497
13498
13505
13506
13507
13508
13510
13512
13518
13521
13522
13525
13527
13528
13531
13537
13542
13543
13544
13548
13549
13555
13557
13559
13560
13589
13591
13592
13593
13595
13599
13601
13602
13605
13609
13617
13619
13626
13627
13628
13629
13636
13640
13641
13642
13643
13644
13645
13649
13653
13654
13660
13661
13663
13664
13665
13666
13667
13669
13680
13681
13682
13684
13685
13688
13690
13709
13711
13712
13713
13714
13716
13717
13722
13723
13726
13728
13733
13796
13797
13798
13799
13800
13801
13804
13805
13806
13807
13808
13813
13819
13821
13822
13823
13824
13828
13829
13830
13831
13836
13837
13838
13841
13842
13844
13845
13846
13848
13849
13850
13852
13853
13854
13855
13857
13858
13859
13860
13861
13864
13866
13867
13869
13870
13871
13872
13875
13876
13877
13885
13929
13982
13983
13990
13992
13998
14000
14004
14007
14009
14011
14013
14017
14020
14025
14026
14027
14030
14042
14043
140477
14048
140481
140484
140486
140488
14049
140491
140492
140494
140497
140498
140499
14050
14051
140546
14055
140557
140559
14056
14057
140570
140571
140577
140579
14058
140580
14060
14061
140629
140630
14067
14068
14070
140709
140740
14077
140780
140781
140792
14080
14081
14082
14083
14084
140858
140859
14086
14087
14088
140887
14089
140919
14102
14103
14104
14105
14106
14107
14109
14113
14114
14115
14118
14119
14120
14121
14126
14127
14129
14130
14133
14137
14148
14149
14151
14154
14155
14156
14158
14159
14160
14161
14163
14164
14165
14167
14168
14173
14175
14178
14180
14181
14182
14183
14184
14186
14191
14193
14194
14198
14199
14200
14201
14205
14208
14211
14218
14219
14225
14226
14227
14228
14229
14230
14231
14232
14235
14236
14245
14247
14248
14251
14252
14254
14255
14257
14260
14262
14263
14264
14265
14266
14268
14269
14270
14272
14276
14281
14282
14287
14296
14297
142980
14299
14300
14311
14312
14313
14314
14317
14319
14325
14339
14356
14357
14359
14360
14362
14365
14366
14367
14368
14369
14370
14373
14375
14376
14381
14387
14388
14389
14390
14394
14395
14396
14397
14400
14401
14402
14405
14406
14411
14415
14417
14420
14421
14423
14432
14433
14447
14450
14451
14453
14456
14457
14460
14461
14462
14463
14464
14465
14466
14467
14469
14470
14473
14479
14489
14527
14528
14534
14536
14538
14544
14545
14555
14561
14562
14563
14567
14569
14571
14579
14580
14581
14582
14583
14584
14585
14586
14587
14590
14593
14594
14595
14599
14600
14601
14602
14603
14605
14609
14615
14617
14619
14620
14623
14628
14629
14630
14632
14633
14634
14635
14645
14651
14652
14654
14658
14660
14661
14664
14667
14670
14672
14673
14674
14675
14677
14678
14679
14680
14681
14682
14683
14685
14686
14687
14688
14693
14694
14695
14696
14697
14701
14702
14704
14706
14707
14708
14709
14711
14712
14718
14719
14723
14724
14725
14728
14731
14732
14733
14734
14735
14745
14751
14755
14758
14763
14768
14773
14775
14778
14780
14782
14783
14784
14786
14787
14788
14789
14790
14791
14792
14793
14797
14799
14800
14802
14803
14804
14805
14806
14807
14809
14810
14811
14812
14813
14814
14815
14816
14824
14827
14828
14836
14840
14841
14842
14843
14852
14853
14854
14857
14860
14862
14863
14864
14866
14867
14869
14870
14871
14873
14874
14884
14885
14886
14894
14897
14904
14911
14912
14917
14919
14923
14924
14933
14936
14938
14939
14941
14943
14944
14950
14955
14957
14958
14960
14961
14962
14964
14969
14972
14976
14977
14979
14997
14999
15007
15040
15077
15078
15081
15101
15107
15108
15109
15110
15111
15112
15114
15115
15121
15122
15126
15127
15129
15130
15135
15139
15159
15161
15162
15163
15165
15166
15168
15170
15181
15182
15183
15184
15185
15186
15191
15193
15194
15199
15201
15203
15204
15205
15208
15209
15211
15212
15214
15216
15220
15223
15227
15228
15234
15239
15242
15245
15247
15248
15251
15254
15257
15258
15260
15267
15268
15270
15273
15275
15277
15278
15288
15289
15312
15331
15353
15354
15356
15357
15360
15361
15364
15366
15368
15369
15370
15374
15375
15376
15378
15381
15382
15384
15387
15388
15394
15395
15396
15398
15399
15401
15402
15403
15404
15405
15407
15408
15412
15413
15414
15415
15416
15417
15421
15422
15423
15424
15425
15426
15427
15429
15430
15432
15433
15434
15436
15438
15439
15441
15444
15445
15446
15450
15451
15452
15458
15460
15461
15463
15465
15468
15469
15473
15481
15482
15484
15488
15490
15492
15493
15499
15500
15502
15504
15505
15507
15510
15511
15512
15516
15519
15525
15526
15528
15529
15530
15547
15565
15567
15568
15569
15571
15572
15893
15898
15900
15901
15902
15903
15904
15925
15926
15929
15930
15939
15944
15951
15957
15958
15959
15967
15976
15979
15980
15982
15985
16001
16002
16004
16005
16007
16008
16011
16016
16017
16019
16061
16065
16069
16071
16098
16114
16136
16145
16147
16149
16150
16151
16153
16161
16162
16164
16165
16170
16172
16175
16176
16177
16179
16180
16188
16190
16193
16195
16201
16202
16204
16205
16206
16210
16211
16319
16322
16323
16324
16328
16329
16330
16331
16332
16333
16336
16337
16341
16348
16351
16362
16363
16364
16365
16367
16370
16371
16391
16392
16396
16398
16399
16400
16401
16402
16403
16407
16409
16410
16411
16412
16413
16414
16416
16418
16419
16423
16424
16425
16426
16427
16428
16429
16430
16431
16432
16434
16438
16439
16440
16443
16449
16450
16451
16452
16453
16456
16467
16468
16470
16475
16476
16477
16478
16480
16485
16490
16491
16492
16493
16494
16497
16498
16500
16502
16506
16508
16510
16513
16514
16516
16517
16518
16519
16520
16521
16522
16525
16531
16533
16534
16536
16538
16539
16542
16549
16551
16554
16558
16559
16560
16561
16562
16563
16564
16565
16568
16569
16570
16571
16572
16573
16574
16576
16578
16579
16582
16589
16590
16591
16592
16593
16594
16597
16598
16599
16600
16601
16617
16619
16621
16625
16634
16635
16639
16644
16646
16647
16648
16649
16650
16651
16653
16656
16658
16660
16661
16663
16664
16665
16666
16667
16668
16669
16670
16671
16673
16675
16678
16679
16680
16681
16682
16687
16688
16691
16706
16709
16728
16763
16765
16769
16772
16773
16774
16775
16776
16777
16779
16780
16782
16783
16784
16785
16792
16796
16797
16798
16800
16801
16814
16818
16819
16822
16825
16826
16828
16832
16833
16834
16835
16842
16846
16847
16852
16854
16855
16859
16865
16866
16867
16869
16870
16871
16872
16873
16875
16876
16880
16881
16882
16885
16886
16889
16890
16897
16898
16905
16906
16907
16909
16911
16912
16913
16917
16918
16922
16923
16924
16948
16949
16950
16952
16969
16970
16971
16973
16974
16975
16976
16978
16985
16987
16992
16993
16994
16995
16998
17000
17002
17022
17025
17035
170442
170484
170574
17059
17060
17062
170625
17063
170638
170643
170644
170676
170707
170711
170718
170719
170720
170721
170722
170728
170731
170735
170736
170737
170738
170740
170742
170743
170744
170748
170749
170750
170753
170755
170756
170757
170758
170759
17076
170760
170761
170762
170767
170768
170770
170787
170788
170789
170790
170791
170799
17082
170822
170823
170826
170829
17083
170833
170835
17085
17089
170930
170935
170936
17096
17101
171095
17110
17113
171171
17118
171180
17119
17120
171209
17121
17122
17125
17126
171267
17127
17128
171282
171285
17129
17130
17131
17132
17133
17134
17135
17136
171388
171463
171486
17149
171504
171508
171530
171531
17156
171567
17158
171580
17159
17160
17161
17164
17165
17169
17172
17174
17179
17180
17181
17183
17184
17187
17188
17189
17190
17191
17192
17193
17195
17196
17199
17201
17202
17203
17207
17210
17215
17216
17217
17218
17219
17220
17222
17232
17233
17237
17240
17242
17246
17248
17250
17252
17254
17256
17257
17258
17260
17261
17268
17274
17276
17279
17281
17283
17285
17286
17287
17288
17289
17294
17295
17299
17304
17308
17311
17313
17314
17318
17319
17339
17342
17344
17345
17347
17349
17350
17354
17355
17356
17357
17364
17380
17385
17387
17390
17393
17395
17420
17425
17428
17436
17441
17444
17448
17449
17451
17454
17463
17472
17475
17476
17480
17523
17524
17528
17532
17533
17534
17535
17536
17537
17684
17685
17686
17688
17690
17691
17692
17698
17700
17701
17702
17703
17705
17706
17708
17709
17711
17713
17714
17716
17717
17718
17719
17720
17721
17748
17750
17751
17754
17755
17756
17758
17760
17761
17762
17764
17765
17768
17772
17775
17776
17777
17827
17828
17829
17833
17836
17837
17847
17850
17855
17859
17863
17865
17868
17869
17872
17874
17876
17877
17879
17880
17882
17883
17884
17885
17886
17888
17896
17897
17901
17904
17907
17909
17910
17912
17913
17916
17918
17919
17920
17921
17925
17927
17928
17929
17930
17931
17932
17933
17937
17938
17939
17940
17948
17952
17954
17955
17957
17966
17967
17968
17969
17970
17972
17973
17974
17975
17977
17978
17979
17984
17986
17988
17991
17992
17993
17995
17996
17997
17999
18000
18002
18003
18004
18005
18007
18008
18010
18011
18012
18014
18015
18016
18018
18019
18020
18021
18022
18024
18028
18029
18030
18032
18033
18034
18035
18036
18038
18039
18040
18041
18044
18045
18046
18049
18053
18054
18073
18074
18080
18082
18087
18088
18089
18091
18095
18099
18100
18102
18103
18104
18105
18106
18107
18108
18109
18114
18115
18117
18119
18120
18124
18125
18126
18127
18128
18129
18130
18131
18132
18133
18139
18140
18141
18142
18145
18148
18150
18159
18160
18163
18164
18171
18173
18175
18176
18181
18186
18187
18189
18191
18193
18194
18195
18198
18201
18208
18211
18212
18213
18214
18220
18221
18222
18223
18226
18227
18230
18231
18242
18249
18260
18263
18286
18293
18294
18295
18377
18390
18391
18392
18393
18399
18405
18408
18412
18414
18415
18416
18417
18419
18424
18429
18432
18438
18439
18451
18452
18453
18457
18458
18459
18472
18475
18476
18477
18479
18481
18483
18484
18488
18491
18503
18504
18505
18507
18508
18509
18510
18511
18514
18515
18516
18518
18519
18521
18530
18534
18536
18537
18538
18541
18542
18545
18548
18549
18550
18551
18557
18559
18563
18569
18570
18571
18572
18573
18574
18575
18577
18578
18582
18583
18584
18585
18587
18588
18595
18596
18597
18598
18600
18604
18605
18607
18609
18611
18612
18613
18616
18619
18624
18626
18627
18628
18632
18633
18634
18636
18637
18640
18641
18642
18643
18645
18646
18647
18648
18655
18663
18667
18669
18670
18671
18673
18674
18675
18676
18679
18682
18685
18693
18701
18703
18704
18706
18707
18708
18709
18710
18711
18712
18715
18717
18718
18719
18720
18738
18739
18740
18741
18742
18744
18746
18747
18749
18750
18751
18752
18753
18754
18755
18759
18760
18761
18762
18763
18764
18767
18769
18770
18771
18772
18777
18779
18780
18783
18786
18787
18789
18791
18792
18795
18796
18797
18798
18799
18803
18806
18807
18810
18811
18813
18815
18816
18817
18821
18822
18823
18824
18826
18830
18844
18845
18846
18854
18861
18933
18935
18938
18949
18950
18951
18952
18968
18969
18970
18971
18972
18973
18974
18975
18976
18983
18984
18986
18988
18993
18994
18996
18997
18999
19009
19012
19013
19014
19015
19016
19017
19018
19023
19025
19035
19038
19039
19041
19042
19043
19045
19046
19047
19049
19051
19052
19053
19055
19056
19057
19058
19060
19062
19063
19069
19070
19072
19073
19074
19075
19076
19079
19082
19084
19085
19087
19088
19089
19090
19091
19094
19099
19106
19109
19116
19122
19123
19126
19127
19130
19132
19133
19134
19139
19141
19142
19144
19153
19155
19156
19157
191578
19158
19159
19164
19165
19166
19167
19170
19171
19172
19173
19175
19177
19179
19181
19182
19184
19185
19186
19188
19192
19200
19205
19206
19210
19211
192113
192119
19212
192120
19213
19215
192156
192157
192159
19216
192160
192167
192169
192170
192173
192174
192176
192185
192187
192188
192191
192193
192195
192196
192197
192198
19221
192212
19222
19223
192231
192232
192236
19224
19225
19228
192285
192287
192289
19229
192292
19230
19231
19240
19241
19242
19243
19244
19246
19247
19248
19249
19250
19252
19253
19255
19256
19258
19259
19261
19262
19263
19264
192652
192653
192654
192656
192658
19266
192662
19267
19268
19270
19271
19272
19273
19274
19276
19277
19279
19280
19283
19285
19286
192897
19290
19291
19293
19294
192950
19298
19299
19302
19303
193034
193043
19305
19309
193116
19317
19324
19325
19326
19328
19330
19338
193385
19339
19340
19341
19342
19344
19345
19346
19347
19348
19349
19352
19353
19354
19356
19357
19358
19359
19360
19361
19362
19363
19364
19366
19367
193670
19373
19374
193740
193742
19376
19377
19378
193796
193813
19383
19384
19385
19386
19387
19400
19401
19411
19415
19416
19417
19418
194227
19428
19434
194352
194388
194401
194590
194597
194655
194908
194985
195040
195176
195333
195359
195434
19645
19646
19647
19649
19650
19651
19652
19653
19654
19655
19656
19659
19660
19661
19662
19663
19664
19668
19671
19672
19674
19679
19682
19684
19687
19691
19692
19696
19697
19698
19699
19704
19707
19708
19712
19713
19714
19718
19719
19720
19724
19725
19726
19727
19730
19731
19735
19736
19739
19744
19762
19763
19765
19766
19769
19771
19775
19777
19817
19819
19820
19821
19822
19823
19826
19876
19877
19878
19881
19882
19883
19885
19888
19889
19891
19893
19894
19895
19896
19899
19921
19933
19934
19935
19941
19942
19943
19944
19946
19951
19981
19982
19988
19989
20005
20014
20016
20017
20018
20019
20020
20021
20022
20024
20028
20042
20044
20054
20055
20068
20084
20085
20088
20090
20091
20102
20103
20104
20111
20112
20115
20116
20128
20130
20132
20133
20135
20147
20148
20163
20166
20167
20168
20170
20174
20181
20182
20183
20184
20185
20186
20187
20190
20191
20192
20193
20194
20195
20198
20200
20201
20202
20203
20204
20215
20218
20219
20220
20222
20224
20226
20227
20229
20230
20238
20239
20249
20250
20254
20255
20257
20259
20262
20264
20265
20266
20269
20271
20273
20274
20276
20277
20278
20280
20284
20286
20288
20290
20292
20296
20306
20310
20316
20317
20318
20319
20320
20321
20322
20324
20333
20334
20335
20336
20338
20340
20341
20342
20343
20346
20347
20348
20349
20350
20351
20352
20353
20354
20355
20356
20357
20358
20359
20360
20361
20362
20363
20371
20375
20377
20378
20379
20382
20383
20384
20389
20390
20391
20393
20394
20397
20399
20401
20402
20403
20404
20405
20408
20409
20410
20411
20416
20418
20419
20422
20423
20425
20430
20431
20437
20439
20443
20450
20454
20459
20460
20462
20463
20464
20465
20466
20467
20469
20471
20472
20473
20474
20475
20476
20479
20480
20481
20482
20491
20494
20495
20496
20498
20499
20501
20503
20505
20510
20511
20512
20513
20514
20515
20516
20517
20524
20525
20526
20527
20528
20529
20530
20531
20532
20533
20534
20535
20539
20541
20544
20562
20563
20564
20568
20583
20585
20586
20587
20588
20589
20591
20592
20595
20597
20598
20602
20604
20610
20612
20613
20614
20615
20616
20617
20619
20620
20623
20624
20630
20637
20638
20639
20641
20643
20646
20648
20649
20650
20652
20655
20656
20657
20658
20660
20661
20662
20663
20664
20665
20666
20669
20670
20671
20672
20674
20675
20678
20679
20681
20682
20683
20684
20687
20689
20690
20692
20700
20701
20702
20704
20706
20714
207165
207182
20719
20720
207212
207214
207215
207227
20723
20724
20725
207259
207278
20729
20730
207304
207352
20737
207375
20739
207393
20740
20741
20742
207425
20743
20744
20747
20750
20751
207521
207565
20758
207615
207667
20768
207686
207704
207728
20773
20775
207777
20779
207854
20787
20788
207920
207932
207965
208043
20807
208076
20810
208104
208117
20813
208144
208146
20815
208151
208154
208158
20817
208171
208177
20818
208194
208198
20821
208211
20822
20823
208258
20826
208263
208266
20832
20833
208366
20841
20842
20843
208439
20844
208449
20846
20847
20848
20849
20850
20851
208518
20852
20853
208595
208606
208618
208624
208628
208643
208647
208650
20866
208666
20867
208677
20868
20869
208691
20870
208715
208718
20872
208727
20873
20874
208768
20877
208777
20878
208795
208836
208846
208869
20888
208884
208890
208898
20890
208908
208922
20893
208936
208943
208968
20899
209003
20901
209011
209018
209027
209032
209039
20905
20907
20908
20909
209091
20910
20911
20912
20913
209131
20916
20917
20918
209200
20922
209225
209239
20924
20926
20927
20928
209294
209318
20932
20933
209334
20935
209354
209357
209361
20937
209378
209416
209446
209448
209456
209462
20947
209540
20955
209558
20957
209584
209586
20962
20963
209630
20964
20965
209683
20969
209707
20971
20972
209737
20974
209743
20975
20977
209773
20979
20980
20981
209815
20983
210009
210035
210108
210126
210135
210145
210146
210148
210274
210293
210297
210376
210510
210529
210530
210544
210582
210673
210711
210719
210762
210766
210789
210801
210808
210925
210933
210992
210998
211006
211134
211147
211232
211253
211323
211329
211383
211401
211429
211446
211484
211499
211535
211548
211550
211586
211651
211652
211660
211673
211712
211739
211770
211914
211924
211936
211945
211948
211961
211978
212032
212073
212123
212139
212163
212167
212168
212307
212377
212391
212392
212442
212508
212514
212517
212528
212531
212541
212627
212632
212647
212670
212679
212706
212712
212772
212880
212898
212919
212943
212999
213012
213019
213027
213043
213053
213056
213068
213081
213084
213109
213121
213233
213234
213236
213311
213326
21333
21335
213350
21339
213391
21340
21341
213417
21343
21345
213452
21346
213464
213484
21349
213491
213498
213499
21350
21351
213522
21353
213539
21354
213541
21355
213550
21356
21357
213582
213603
213649
21366
21367
213673
21371
21372
21374
213742
213753
21376
213760
213765
213773
213783
21379
21380
213819
213827
21384
21385
21386
21387
21388
21389
21393
213980
213988
21399
213990
21401
21402
21405
21406
214063
21407
21408
21410
21411
21412
21413
214133
214137
21414
21415
214150
21416
214162
21417
21418
214189
21420
21422
21423
214230
214239
21425
21426
21427
21428
21429
214290
21432
214345
214359
214384
214424
214425
214444
214459
214498
214505
21452
214523
21453
214531
21454
214552
214568
214572
214579
214585
214597
21461
214627
214639
214663
214669
214704
214742
214763
214764
214812
214855
214895
214897
214899
214901
214931
214932
214944
214952
214968
214987
215008
215031
215061
215113
215114
215160
215193
215194
215210
215243
215280
215351
215387
215418
215436
215445
215449
215494
215615
215632
215653
215690
215693
215707
215748
215751
21577
215789
215819
215821
215999
216001
216011
216019
216021
216033
216080
216131
216134
216136
216148
216150
216151
216152
216154
216156
216157
216161
216169
216188
216190
216197
216198
216233
216238
216274
216343
216344
216345
216363
216395
216439
216440
216443
216445
216456
216459
21646
21647
21648
21652
216527
216549
216551
216558
216565
216578
216613
216616
216618
21664
21665
216705
21672
216724
216725
21673
216739
216742
216749
21676
216766
216767
21677
21678
216781
21679
216795
216799
21681
216810
21682
216820
216821
216825
216829
216831
216848
21685
216850
216856
216860
216869
21687
216873
216877
216961
216963
216965
216984
216987
216991
217011
217012
217026
217030
217031
217038
217039
217057
217069
217082
217109
217116
217119
217124
217125
217127
217149
217166
217194
217201
217207
217218
217219
217232
217258
217262
217265
217303
217305
217310
217325
217331
217333
217335
217337
217340
217342
217344
217351
217353
217356
217365
217366
217370
217379
217409
217410
21743
217430
217431
217449
21745
217463
217473
21748
217480
21749
21750
21752
21753
21754
217558
21756
217578
217588
21761
21762
21763
217653
217664
217692
217695
21770
217705
217707
21771
217715
217716
217718
217721
217734
217737
217779
21780
21781
217827
217830
217835
217843
217864
217866
217869
21787
217882
217893
217935
217944
217946
217980
217995
21803
218030
218035
218038
21804
21807
21808
21810
21812
218121
21813
218138
21814
21815
21816
21817
21818
21819
218194
218203
21821
218210
218214
218215
21822
21823
218236
21824
21825
21826
218271
21829
21833
218333
21834
21838
218397
21841
21843
21844
218441
218460
21847
21848
21849
218490
218503
218506
218518
21853
218543
218544
21855
21856
21859
218629
218639
21869
218693
218699
21871
21872
21873
218756
21877
218772
218793
21881
218811
21885
218850
21887
218877
21888
218885
218914
21892
21894
218952
21897
218973
218975
218977
21898
219022
21907
219072
21908
219094
219103
219105
219114
21912
219135
219140
21915
219150
219158
21916
21917
219181
219189
21923
21924
219249
21925
21926
21927
21929
21934
21935
21936
21937
21938
21939
21940
21943
21945
21950
21951
21953
21954
21957
21960
21961
21968
21969
21973
21974
21975
21976
21981
21982
21983
21985
21991
22003
22004
22019
22025
22026
22027
22030
22031
22032
22033
22034
22036
22037
22038
22040
22041
22042
22051
22059
22061
22062
22063
22064
22065
22066
22067
22068
22070
22072
22073
22074
22083
22084
22088
22092
22097
22099
22116
22121
22122
22123
22129
22130
22135
22137
22138
22139
22141
22142
22143
22144
22145
22146
22147
22151
22152
22153
22154
22156
22157
22158
22160
22165
22166
22171
22173
22174
22177
22185
22186
22187
22190
22192
22193
22194
22195
22196
22200
22201
22202
22209
22210
22213
22214
22215
22217
22218
22221
22222
22223
22224
22225
22230
22232
22234
22235
22240
22241
22245
22247
22248
22249
22253
22256
22258
22259
22260
22272
22273
22275
22276
22278
22283
22284
22286
22288
22289
22294
22295
22317
22318
22319
22320
22321
223227
22323
22324
223254
223255
22327
223272
22329
22330
22333
223332
22334
22335
22337
22339
22340
22341
22342
22343
223433
223435
22344
223453
223455
22346
22348
22349
223499
22350
22351
22352
223527
22353
22354
22359
223593
223601
22362
223626
223646
22365
223650
223658
223666
22367
22368
223690
223691
223696
223697
22370
223701
223723
223739
22375
223752
223753
223754
22376
22377
223770
223775
223776
22378
22379
22380
223828
223838
22384
22385
223870
22388
22390
223915
223917
223921
223922
22393
223970
223989
224008
224014
224020
224024
22404
224045
22406
22408
224088
224092
22410
224105
22411
224111
224116
224129
22413
224139
22414
224143
22415
22416
22417
224170
224171
22418
22419
22420
22421
22422
22427
224273
22428
224291
22431
22433
22436
22437
22441
224432
224454
224481
224617
224619
224624
224630
224640
224650
224656
224661
224671
224674
224705
224727
224742
224762
224792
224805
224807
224824
224826
224829
224836
224860
224897
224902
224903
224904
224907
224938
224997
225004
225010
225020
225027
225049
225055
225115
225131
225160
225164
225182
225207
225215
225256
225266
225283
225288
225289
225326
225341
225348
225358
225362
225363
225432
225467
225471
225497
225518
225600
225631
225638
225651
225659
225745
225791
225849
225865
225870
225872
225875
225876
225887
225888
22589
225895
225896
225898
22590
225908
22591
225913
22592
225929
22594
22596
225997
225998
22601
226026
226041
226043
226049
22608
226089
226090
226098
226101
22612
226123
226139
226144
226151
226153
226154
226162
226178
226180
226182
22619
226243
22625
226250
226251
226252
226255
22627
22628
22629
22630
22631
22632
22635
226351
226352
22637
22639
22640
226407
226409
226414
226418
226419
22642
226421
226422
226432
226438
22644
226442
226470
22648
226499
226517
226519
22652
226525
226539
226548
226551
226562
226564
22658
226591
226594
22661
226641
226646
226652
22666
22668
22670
22671
226720
226744
226747
226751
226757
226778
22678
22680
22682
226823
226830
226844
226849
226856
22687
22689
226896
22690
22691
226922
22693
22694
22695
22696
22697
226976
226977
226982
22702
227059
227094
227095
227099
227102
227120
22715
227157
227195
227197
22720
22722
227231
22724
227290
227292
227298
227325
227331
227333
227334
227377
227399
227446
227449
22754
227541
22755
22758
22761
227612
227613
227619
22762
227620
227624
227627
22763
227632
227634
227638
22764
227644
227648
227656
227683
227693
227695
227697
227699
22770
227700
227707
22771
227715
22772
227720
227723
22773
227731
227733
227737
227738
227743
227746
227753
22778
22779
22780
227800
227801
22781
22782
22784
22785
227867
22787
22789
22791
22793
227937
228003
228005
228012
228026
228061
228071
228136
228140
228355
228357
228359
228361
228368
228410
228413
228421
228432
228482
228491
228536
228545
228550
228564
228598
228607
228608
228662
228677
228684
228714
228715
228756
228769
228775
228778
228787
228790
228812
228829
228836
228839
228850
228859
228866
228869
228880
228889
228911
228913
228942
228980
228993
228994
228998
229003
229004
229007
229055
229096
229211
229227
229277
229279
229285
229317
229363
229473
229474
229487
229504
229512
229521
229524
229534
229542
229543
229574
229584
229589
229593
229595
229603
229615
229644
229658
229663
229665
229675
229681
229700
229706
229707
229709
229715
229725
229731
229759
229791
229841
229877
229898
229905
229906
229949
230027
230073
230075
230082
230088
230101
230103
230125
230126
230163
230233
230235
230249
230257
230259
230376
230393
230484
230558
230577
230584
230587
230594
230597
230598
230622
230648
230654
230673
230674
230676
230696
230726
230734
230737
230738
230753
230757
230770
230775
230784
230787
230789
230793
230796
230848
230857
230861
230866
230872
230895
230899
230903
230904
230908
230917
230935
230967
230979
231003
231004
231014
231042
231051
231086
231103
231123
231128
231130
231134
231148
231151
231201
231214
231225
231279
231287
231326
231329
231332
231380
231386
231413
231452
231464
231474
231506
231532
231549
231580
231583
231600
231637
231659
231670
231672
231712
231713
231717
231760
231769
231798
231801
231803
231821
231830
231834
231861
231863
231866
231871
231872
231874
231876
231887
231912
231915
231932
231991
231997
231999
232078
232087
232157
232201
232210
232217
232227
232232
232237
232286
232288
232314
232333
232334
232339
232341
232345
232370
232440
232449
232533
232536
232560
232748
232791
232798
232807
232811
232813
232816
232875
232906
232910
232934
232943
232944
232946
232947
232969
232975
232989
233016
233038
233060
233064
233071
233073
233115
233189
233199
233204
233208
233210
233271
233276
233315
233328
233335
233405
233406
233410
233489
233490
233532
233545
233549
233571
233575
233651
233724
233726
233744
233752
233765
233781
233789
233802
233805
233824
233826
233833
233863
233870
233871
233875
233876
233877
233887
233890
233893
233895
233900
233902
233904
233908
233913
233977
233979
234023
234069
234072
234094
234135
234214
234219
234258
234267
234309
234311
234344
234353
234356
234358
234366
234371
234373
234374
234388
234407
234549
234577
234582
234593
234594
234663
234664
234683
234686
234695
234699
234723
234729
234734
234736
234740
234779
234796
234797
234814
234847
234852
234854
234857
234865
234915
234959
235036
235041
235044
235072
235086
235106
235130
235134
235180
235184
235283
235293
235315
235320
235323
235339
235344
235380
235402
235406
235415
235416
235431
235435
235439
235441
235442
235459
235469
235497
235505
235533
235542
235559
235567
235574
235604
235606
235610
235611
235626
235627
235631
235661
235907
236219
236266
236312
236511
236539
236546
236576
236643
236727
236732
236733
236790
236792
236794
236848
236900
236930
237010
237052
237073
237082
237107
237211
237213
237222
237256
237336
237339
237353
237360
237422
237436
237459
237500
237523
237542
237615
237711
237730
237754
237759
237782
237823
237859
237860
237868
237877
23789
237898
23790
237911
23792
23793
23794
237943
23797
237979
23801
23802
23805
238055
238057
23806
23807
23808
238091
238130
23821
238217
238247
23825
238266
23827
238271
238276
23830
238317
238328
238330
23834
23837
238405
238427
23844
238440
238463
23849
238505
23853
23856
23859
23863
238693
23871
23872
23873
23874
23876
23877
23879
238799
23880
23881
238831
23885
238871
238880
23892
23894
23897
238988
23900
239017
239027
239081
239083
239099
239102
23917
239170
23918
23920
23921
239217
239273
23928
239337
23934
23936
23938
23939
239393
239405
23942
239420
23943
23945
23950
239510
239528
23955
239552
239554
239555
23956
23957
23958
23959
239606
23961
239611
23963
23964
239652
239659
23966
239667
23967
239673
23968
23969
23970
23971
239719
239743
239796
23980
23983
239839
23984
239857
23986
23988
23989
23992
23994
23996
23997
239985
23999
24001
240028
240055
240057
240058
240084
240087
24010
24012
240121
24013
24014
24015
240174
24018
240185
240255
240261
240263
240283
24030
240322
240354
240411
240427
24044
240442
24045
24046
240476
24050
240505
24051
240518
24052
24053
24055
24056
24061
240614
24063
240633
240638
24064
240641
24066
240660
240667
24067
24068
24069
240690
24071
240725
24074
24075
240752
240753
240832
24084
24086
24088
240880
240892
240916
24099
24102
241035
24105
241062
241066
241075
24109
24110
24113
241134
24116
241226
241230
241263
24127
241274
241275
24128
241296
24131
241311
24132
241322
241327
24135
24136
241391
241431
241447
241452
241489
241494
241514
241516
241520
241525
241568
241576
241627
241638
241639
241656
241688
241694
241727
241764
241846
241915
242050
242083
242109
242202
242248
242274
242291
242297
242341
242418
242425
242466
242509
242519
242521
242553
242570
242585
242627
242642
242662
242667
242687
242691
242702
242705
242748
242785
242819
242851
242894
242915
242939
242960
243043
243083
243084
243300
243312
243362
243385
243469
243529
243538
243548
243574
243616
243621
243634
243725
243743
243771
243819
243833
243842
243846
243853
243862
243867
243880
243897
243905
243912
243931
243937
243958
243961
243963
243967
243983
244059
244141
244144
244178
244180
244202
244209
244216
244218
244237
244281
244310
244329
244349
244373
244418
244431
244484
244548
244550
244551
244579
244585
244631
244646
244650
244653
244654
244666
244667
244668
244672
244694
244698
244723
244745
244757
244810
244813
244853
244871
244879
244885
244891
244895
244962
245000
245109
245446
245450
245474
245527
245533
245537
245555
245578
245583
245596
245610
245622
245638
245643
245666
245670
245684
245688
245695
245827
245828
245841
245847
245860
245865
245866
245867
245877
245880
245886
245902
245944
245945
246103
246154
246177
246196
246198
246221
246277
246317
246694
246703
246710
246727
246728
246730
246746
246782
252838
252870
252875
252907
252966
252972
252973
257632
257635
258444
258751
259277
259279
259300
259302
260297
260299
260302
260305
260315
260423
263406
26356
26360
26361
26362
26363
26364
26370
26371
26372
26373
26374
26378
26379
26380
263803
26381
26382
26383
26384
26385
263876
26388
26390
26394
26395
26396
26397
26398
26399
26400
26401
26403
26405
26406
264064
26407
26408
26409
26410
26411
26412
26413
264134
26414
26415
26416
26417
26419
26420
26422
26423
26424
26425
26426
26427
26428
26429
26430
26431
26432
26433
26434
26440
26441
26442
26443
26444
26445
26446
26447
26450
26451
26456
26457
26458
26462
264895
26549
26554
26556
26557
26558
26559
26562
26563
26564
26568
26569
26570
26572
26611
266614
266632
266690
266692
266781
267019
26754
26757
268281
268288
268294
268297
268301
268373
268379
268390
268396
268417
268420
268445
268448
268449
268451
268465
268469
268470
268480
268482
268490
268491
268510
268534
268564
268566
268591
268656
268697
268706
268721
26874
268741
268747
268749
26875
268752
26878
268780
268783
268807
268822
26885
268859
26886
268860
26888
268880
268882
26889
268890
268903
26891
26893
268930
268932
268933
268934
268935
26894
26895
26896
268970
268977
268980
268996
26900
269003
269023
26903
269037
26904
26905
269060
269061
26908
26909
269109
269113
269116
26912
26913
269132
26914
269152
26918
269180
26919
26920
269209
26921
26922
269224
269233
269252
269254
26926
269261
26927
269275
26931
26932
269338
26934
269344
26936
269378
269389
26939
269397
26940
26941
26942
269424
269470
269473
26949
26950
26951
269514
269523
269536
269582
269587
269593
269608
26961
269610
269614
269639
26965
269682
26970
269700
269713
269717
26972
269774
269784
269800
269823
26987
269870
269878
269881
26992
269941
269951
269952
269966
270058
270066
27007
270076
27008
270084
270086
270096
270097
270106
270110
27015
270151
270152
270160
270162
270163
270166
270190
270192
27041
27049
27050
27053
27054
27055
27056
27057
27058
27059
27060
27061
27062
270627
270672
270685
27078
27081
270906
27096
27103
271036
271127
271209
271305
271377
27140
271457
271564
271639
27176
271842
271849
271887
271970
272027
27204
27206
27207
27210
27215
272158
27217
27218
27220
27221
27222
27223
27224
27225
27226
272347
272381
272396
272411
272538
272551
272589
27261
272636
27267
27273
27275
27276
27277
27278
27354
27355
27357
27359
27360
27361
27362
27364
27366
27367
27368
27370
27373
27374
27376
27377
27385
27386
27388
27389
27392
27393
27395
27397
27398
27399
27401
27402
27404
27406
27407
27410
27416
27418
27419
27425
27428
27494
27528
27632
276770
27681
276829
276846
276920
277154
277250
277360
277396
277414
277463
27756
27784
277854
27801
278507
27878
279561
279572
27965
279653
27966
27967
27973
279766
27979
27984
27993
27998
27999
28000
28006
28010
28015
28018
28019
28028
28030
28035
28036
28040
280408
28042
28064
280645
280667
28071
28077
28078
28080
28081
28084
28088
28105
28106
28109
28114
28126
28135
28146
28169
28185
28193
28199
28200
28240
282619
28295
286940
29806
29808
29809
29810
29811
29812
29813
29816
29819
29820
29856
29857
29859
29864
29867
29869
29870
29871
29873
29875
29876
29877
30046
30049
30050
30051
30052
30054
30055
30056
30057
30058
30059
30785
30791
30794
30795
30838
30839
30841
30843
30853
30877
30923
30926
30928
30930
30931
30932
30933
30934
30935
30937
30940
30941
30942
30945
30946
30948
30951
30953
30954
30955
30956
30957
30959
30960
317653
317717
319148
319149
319150
319151
319154
319155
319156
319157
319158
319159
319160
319161
319162
319164
319165
319166
319167
319168
319170
319171
319172
319173
319176
319177
319178
319179
319180
319181
319182
319183
319185
319186
319187
319188
319189
319190
319191
319195
319196
319204
319211
319263
319277
319278
319322
319352
319387
319448
319468
319478
319481
319504
319518
319520
319554
319565
319583
319594
319618
319638
319651
319653
319660
319675
319713
319734
319757
319765
319804
319807
319817
319845
319875
319876
319880
319885
319899
319924
319934
319939
319944
319945
319955
319965
319974
319996
320007
320011
320024
320040
320051
320080
320118
320119
320127
320129
320150
320159
320162
320165
320184
320191
320214
320226
320267
320271
320277
320292
320299
320332
320365
320376
320405
320429
320438
320472
320484
320492
320495
320500
320502
320506
320508
320528
320534
320538
320541
320557
320558
320560
320563
320595
320609
320615
320632
320634
320655
320662
320664
320678
320696
320705
320706
320707
320713
320714
320720
320727
320747
320790
320795
320806
320808
320827
320840
320844
320873
320878
320923
320938
320940
320951
320982
320995
321000
321003
321006
321007
321019
321022
326618
326619
326620
326623
327655
327762
327766
327799
327814
327826
327954
327958
327978
327987
328059
328099
328108
328133
328162
328232
328329
328365
328370
328381
328440
328483
328572
328580
328778
328949
328971
328977
329002
329003
329015
329154
329165
329178
329207
329251
329366
329416
329421
329504
329540
329581
329650
329738
329777
329828
329877
329908
329910
329954
330064
330149
330171
330177
330188
330192
330260
330267
330286
330319
330323
330355
330361
330369
330401
330474
330485
330502
330554
330627
330662
330738
330790
330814
330817
330836
330863
330890
330908
330914
330938
330953
330959
331026
331401
331461
331524
331532
331535
331623
332110
332131
332175
332221
332579
332937
333050
333088
333315
333433
333605
333654
333789
338320
338350
338352
338355
338359
338364
338366
338367
338370
338372
338375
338467
338521
347722
353047
353155
353156
353172
353187
353188
353190
353211
353242
353258
353282
353326
360013
360198
360213
360216
373864
378425
378430
378431
378435
378462
378702
378937
380601
380654
380664
380684
380686
380687
380698
380702
380711
380713
380714
380718
380752
380768
380773
380785
380793
380820
380836
380840
380842
380916
380928
380969
380993
381022
381067
381072
381085
381107
381122
381148
381157
381217
381229
381259
381280
381290
381293
381305
381308
381314
381319
381353
381379
381409
381484
381485
381489
381510
381511
381549
381580
381582
381591
381626
381629
381644
381677
381694
381695
381738
381760
381801
381802
381810
381813
381853
381903
381921
381979
381983
381990
382014
382018
382030
382034
382051
382056
382062
382066
382090
382096
382105
382207
382236
382253
382522
382571
382913
382985
383348
383491
383528
383548
383592
383619
383769
384009
384061
384281
384309
384419
384557
384569
384763
384783
385253
386463
386611
386612
386649
386655
387314
387609
394432
396184
399558
399568
399599
399674
403183
403187
404195
404289
404317
404545
404634
404710
406218
406219
406220
406221
406222
406223
407785
407790
407819
407821
407823
407831
408022
414084
414801
414872
415115
432442
432448
432467
432479
432486
432502
432508
432516
432572
432677
432731
432763
432940
433053
433182
433184
433256
433283
433292
433326
433375
433619
433667
433702
433759
433766
433771
433813
433864
433923
433926
433938
433956
434025
434037
434130
434204
434215
434233
434234
434246
434375
434437
434438
434484
434689
434881
434903
435292
435391
435489
435845
435963
436022
436440
436522
442801
442805
442829
445007
448987
474156
493146
494448
504186
504193
50490
50492
50493
50496
50498
50501
50505
50523
50524
50525
50527
50529
50701
50706
50708
50709
50720
50721
50754
50758
50762
50764
50765
50767
50769
50771
50772
50773
50778
50779
50782
50783
50784
50789
50790
50791
50793
50794
50797
50798
50799
50817
50849
50850
50868
50873
50875
50876
50878
50880
50883
50884
50887
50905
50907
50911
50912
50913
50914
50915
50917
50918
50926
50927
50932
50933
50995
50996
50997
51786
51788
51789
51791
51792
51793
51796
51797
51798
51799
51810
51812
51813
51869
51885
51886
51897
51902
51938
51944
52009
52014
52020
52024
52033
52036
52040
52055
52065
52076
52118
52123
52163
52184
52187
52202
52245
52250
52276
52323
52335
52348
52357
52377
52389
52397
52398
52428
52430
52432
52440
52443
52463
52469
52477
52502
52504
52513
52521
52530
52535
52538
52551
52563
52575
52585
52588
52589
52609
52615
52626
52633
52635
52637
52639
52653
52665
52666
52668
52683
52690
52696
52700
52705
52713
52715
52822
52837
52838
52846
52850
52857
52858
52864
52874
52882
52892
52897
52906
53310
53311
53312
53313
53314
53315
53317
53319
53321
53322
53323
53324
53328
53330
53331
53332
53333
53334
53356
53357
53375
53376
53378
53379
53380
53381
53382
53412
53413
53414
53415
53416
53417
53419
53420
53421
53422
53424
53598
53600
53601
53602
53605
53607
53608
53609
53610
53611
53612
53614
53617
53618
53620
53622
53623
53626
53627
53761
53791
53814
53817
53857
53859
53860
53861
53868
53869
53870
53872
53881
53883
53885
53890
53893
53895
53901
53972
53975
53978
54003
54004
54006
54122
54123
54124
54126
54127
54128
54130
54131
54132
54135
54138
54141
54151
54153
54160
54161
54169
54170
54188
54189
54194
54195
54196
54197
54198
54204
54208
54214
54216
54217
54219
54324
54325
54338
54343
54351
54353
54354
54357
54364
54367
54376
54377
54380
54382
54383
54384
54387
54391
54392
54393
54394
54396
54397
54399
54401
54403
54405
54411
54418
54422
54427
54445
54446
54451
544696
54473
54483
54485
544878
544963
544971
545030
545085
545156
545182
54519
54524
54525
54526
545262
545378
545389
545428
545432
545471
545481
545486
545527
54561
545622
54563
545741
545767
545847
545851
545913
54598
546049
54607
546071
54608
54609
54610
54611
54612
546144
546155
54616
54624
54631
54633
54636
54637
54638
54644
54645
54646
54650
54652
54667
546695
54670
54673
54683
54709
54711
54712
54720
54721
54723
54725
547253
55927
55932
55934
55935
55936
55942
55943
55944
55946
55947
55948
55949
55951
55960
55963
55978
55979
55980
55981
55982
55983
55984
55988
55989
55990
55992
55994
56009
56012
56013
56015
56016
56018
56030
56031
56036
56040
56041
56044
56045
56046
56048
56070
56075
56077
56078
56085
56086
56088
56095
56149
56150
56174
56177
56187
56188
56190
56191
56193
56194
56195
56196
56199
56200
56205
56207
56208
56210
56212
56213
56215
56216
56217
56218
56222
56228
56233
56248
56249
56258
56264
56273
56274
56275
56278
56280
56282
56284
56289
56291
56292
56294
56295
56297
56298
56299
56304
56305
56307
56309
56310
56312
56316
56317
56318
56320
56321
56323
56324
56327
56330
56332
56334
56335
56336
56338
56347
56348
56349
56350
56351
56353
56354
56357
56358
56360
56361
56364
56367
56369
56370
56371
56372
56373
56376
56378
56379
56380
56381
56382
56384
56388
56389
56390
56392
56395
56397
56398
56399
56401
56403
56404
56405
56406
56409
56410
56412
56417
56418
56419
56420
56421
56422
56424
56426
56427
56428
56430
56431
56433
56436
56437
56438
56440
56442
56443
56444
56445
56447
56449
56451
56452
56453
56454
56455
56456
56457
56458
56459
56460
56461
56462
56463
56468
56469
56470
56473
56480
56484
56486
56488
56489
56490
56491
56494
56495
56501
56503
56504
56505
56508
56513
56515
56516
56517
56520
56522
56524
56526
56527
56529
56530
56531
56532
56535
56538
56541
56543
56550
56551
56612
56613
56615
56619
56626
56631
56632
56637
56642
56644
56692
56697
56698
56699
56702
56703
56705
56706
56707
56708
56709
56710
56715
56716
56717
56722
56724
56726
56735
56736
56737
56738
56739
56742
56743
56748
56749
56752
56758
56771
56784
56786
56787
56790
56792
56794
56795
56805
56807
56808
56809
56812
56839
56843
56844
56847
56878
57028
57138
57230
57246
57247
57253
57257
57258
57261
57265
57267
57278
57279
57294
57295
57296
57312
57314
57315
57316
57317
57319
57320
57321
57330
57340
57342
57344
57354
57357
57373
57376
57377
57423
57434
57435
57436
57437
57440
574402
57441
57442
57443
57740
57741
57746
57748
57749
57750
57751
57752
57753
57754
57756
57764
57765
57773
57776
57778
57781
57782
57783
57784
57785
57808
57810
57814
57815
57816
57869
57874
57875
57905
57908
57911
57913
57914
57915
58172
58175
58178
58180
58184
58185
58186
58194
58198
58200
58202
58203
58206
58208
58212
58217
58218
58222
58226
58230
58231
58233
58234
58235
58240
58243
58244
58249
58251
58520
58521
58523
58799
58800
58801
58802
58805
58807
58859
58861
58865
58869
58875
58911
58994
58996
58998
59001
59003
59004
59005
59007
59008
59009
59010
59011
59013
59014
59015
59016
59020
59021
59022
59024
59025
59026
59027
59028
59029
59031
59032
59033
59035
59036
59040
59041
59042
59043
59047
59048
59050
59052
59053
59054
59057
59058
59069
59079
59083
59091
59092
59093
59125
59126
59287
59288
59310
595136
60315
60321
60345
60365
60406
60409
60411
60440
60441
60507
60525
60527
60530
60532
60533
60534
60594
60595
60597
60611
60613
606496
619289
619547
619605
619846
619916
619960
620078
620631
620659
620946
621054
621080
621823
621893
622117
622339
622404
622434
623046
623094
623279
623474
624219
625018
625054
625249
625328
625530
625811
626215
626347
626503
626596
626708
627009
627049
627543
627626
627792
628060
628324
628870
629057
629081
629750
629908
630347
633120
634019
634386
636104
636680
636808
636931
63828
63830
63859
638833
63913
63955
63958
63959
63985
63986
639910
64009
640094
64010
64011
640374
64050
64051
64074
64099
641340
64136
64138
64143
64144
64176
64209
64213
64214
64242
64290
64291
64292
64294
64295
64337
64340
64379
64380
64383
64384
64424
64436
64450
64580
64602
64652
64654
64655
64656
64658
64660
64685
64704
64705
64706
64707
64817
64818
64898
64899
64929
64930
64933
64934
65019
65020
65079
65098
65102
65103
65105
65106
65111
65112
65113
65114
65115
65116
65221
65246
65247
65254
65255
65256
65257
654470
654472
654824
65945
65960
65961
65962
65963
65964
65967
65969
65970
65971
65973
66043
66044
66046
66047
66048
66049
66052
66053
66054
66055
66056
66059
66066
66067
66069
66070
66071
66072
66073
66075
66078
66082
66085
66086
66087
66090
66091
66092
66094
66096
66098
66105
66106
66108
66111
66117
66118
66120
66121
66124
66125
66126
66128
66129
66131
66132
66136
66138
66140
66141
66142
66143
66144
66146
66147
66152
66154
66155
66156
66162
66163
66164
66165
66166
66167
66171
66174
66176
66180
66181
66184
66185
66192
66193
66194
66196
66199
66200
66201
66204
66209
66212
66213
66218
66222
66226
66229
66230
66231
66233
66234
66235
66237
66241
66242
66244
66245
66246
66248
66249
66251
66253
66254
66255
66256
66258
66262
66270
66271
66273
66276
66277
66282
66286
66290
66302
66306
66307
66310
66313
66314
66315
66317
66320
66323
66329
66335
66340
66341
66343
66352
66354
66357
66362
66365
66366
66367
66368
66371
66373
66374
66375
66383
66385
66388
66394
66395
66397
66398
66399
66403
66404
66405
66406
66407
66408
66409
66411
66413
66414
66416
66419
66420
66422
66423
66427
66432
66435
66437
66438
66440
66441
66442
66445
66446
66447
66448
66454
66455
66460
66461
66467
66468
66469
66471
66475
66477
664799
66480
66481
66482
66483
66488
664883
66489
66492
66495
66498
664994
66500
66505
66508
66510
66511
665113
665129
66513
66514
66515
66521
66522
66523
665233
66525
66526
665270
66530
66531
66536
66537
66538
665381
665433
66549
66552
665550
66556
665563
665596
665622
66566
66569
665700
66576
665775
665780
665782
66580
66583
66585
66586
66588
66589
66590
665902
66592
665922
66593
66597
66598
66599
66603
66606
666060
66609
66610
66612
66614
66615
66616
66617
666173
66618
66622
66624
66625
66628
66629
66631
66632
66634
666342
66637
666407
66641
66642
666430
66645
66646
66647
666528
66654
66656
666579
66658
66659
66660
66661
66663
666642
66665
66667
666704
66671
66676
66679
666794
66681
66682
666835
66684
66687
66689
666891
66691
666937
666938
66694
666974
66700
667030
66704
667048
66705
66706
66711
66713
66720
667204
66722
66724
66725
667277
66734
66736
667370
66743
667618
667663
667728
667759
667776
667806
667865
66787
66789
66795
66797
66799
668010
66809
66810
668115
66812
66813
66815
668158
668173
66818
668182
668192
66821
668212
668218
66822
66824
668242
66827
668275
66830
668300
66832
66834
668361
66840
66841
66845
66849
66853
66854
66855
66857
66859
66860
66861
668626
66863
66865
66866
668668
66867
66868
66870
66871
66874
66877
66878
66880
66881
66882
66884
66887
668880
66889
66890
66892
66894
668940
66898
66899
66902
66904
66905
66911
66912
66914
669149
66915
66916
66917
66921
66922
66923
66925
66926
66929
66932
66935
66938
66939
66942
66945
66948
66949
66953
66958
66959
66961
66964
66968
66970
66972
66973
66977
66978
66980
66983
66988
66989
66991
66993
66994
66997
66998
67000
67003
67005
67006
67009
67010
67015
67016
67019
67023
67025
67027
67028
67030
67035
67036
67039
67040
67041
67042
67043
67045
67046
67048
67049
67050
67052
67054
67057
67059
67062
67064
67065
67068
67070
670717
67072
67074
67075
67087
67088
67089
67097
67102
67103
67109
67112
67115
67116
67117
67118
67120
67121
67123
671232
67126
67128
67130
67134
67136
67141
67143
67144
67145
67148
67151
67153
671535
67154
67155
67157
67158
67160
67161
67163
67164
67166
67177
67178
67180
67181
67182
67184
67186
67198
67199
67201
67203
67204
67205
67207
67211
67212
67213
67217
67219
672195
67220
67222
67223
67224
67225
67226
67229
67231
67235
67239
67241
67245
67246
67247
67248
672511
67252
67255
672572
67260
67264
67266
67267
67268
67269
67272
67273
67276
67278
67279
67281
67285
67286
67287
67290
67291
67292
67295
67296
67298
67299
67300
67302
67305
67306
67307
67308
67311
67326
67332
67337
67341
67345
67365
67367
67369
67371
67373
67375
67378
67381
67382
67383
67384
67387
67388
67390
67391
67392
67393
67397
67398
67399
67412
67414
67418
67420
67422
67425
67426
67427
67429
674324
67437
67439
67440
67442
67443
67448
67451
67452
67453
67454
67456
67458
67459
674597
67460
67464
67465
67466
67467
67469
67471
67474
67477
67480
67487
67488
67489
674895
67490
67493
67498
67500
67501
67507
67509
67510
67511
67513
67515
67525
67526
67528
67529
67530
67533
67534
67542
67544
67549
675514
67554
67561
67563
67564
67568
67573
67574
67579
67581
67582
67588
67590
67602
67604
67605
67606
67615
67618
67619
67622
67623
67628
67630
67636
67645
67655
67656
67657
67661
67664
67665
67669
67671
67673
67674
67675
67676
67678
67680
67681
67683
67684
67685
67689
676923
67693
67694
67702
67703
67704
67710
67711
67712
67724
67726
67727
67731
67738
67739
67742
67747
67755
67759
67760
67763
67767
67768
67769
67770
67771
67772
67773
67774
67776
67781
67784
67785
67788
677884
67790
67792
67797
67800
67801
67803
67804
67808
67809
67811
67812
67815
67819
67821
67824
67826
67830
67832
67834
67836
67838
67841
67842
67844
67845
67847
67848
67849
67851
67855
67856
67857
67859
67862
67863
67864
67865
67870
67871
67872
67873
67877
67878
67881
67883
67885
67886
67887
67890
67891
67895
67896
67897
67898
67899
67900
67902
67903
67914
67916
67920
67921
67922
67923
67931
67936
67938
67941
67942
67943
67946
67948
67949
67951
67952
67955
67956
67958
67959
67963
67966
67967
67968
67972
67973
67974
67976
67978
67979
67981
67988
67991
67993
67994
67996
67998
68001
68010
68011
68014
68015
68016
68017
68018
68021
68023
68024
68026
68028
68031
68032
68033
68038
68040
68041
68045
68047
68051
68052
68053
68054
68055
68058
68073
68075
68077
68079
68083
68087
68089
68090
68092
68094
68095
68097
68098
68099
68106
68107
68115
68117
68118
68119
68121
68126
68135
68137
68140
68142
68146
68147
68151
68152
68153
68159
68165
68170
68177
68178
68183
68184
68188
68192
68193
68194
68196
68197
68202
68203
68205
68209
68215
68219
68239
68240
68250
68251
68259
68262
68263
68267
68268
68270
68272
68273
68275
68276
68278
68283
68292
68294
68298
68299
68303
68304
68312
68316
68328
68337
68339
68342
68346
68348
68349
68350
68365
68371
68375
68385
68420
68423
68427
68428
68431
68436
68440
68441
68449
68458
68463
68465
68477
68479
68481
68493
68497
68499
68501
68505
68507
68510
68514
68519
68523
68524
68537
68539
68544
68549
68550
68553
68556
68558
68559
68563
68564
68565
68566
68572
68576
68581
68585
68591
68592
68598
68603
68606
68611
68612
68614
68617
68625
68626
68632
68646
68652
68653
68666
68671
68682
68693
68695
68703
68705
68718
68723
68724
68729
68731
68732
68734
68738
68743
68750
68755
68760
68767
68770
68775
68776
68777
68794
68795
68796
68801
68802
68810
68813
68815
68816
68817
68818
68828
68832
68833
68837
68839
68842
68845
68870
68875
68879
68889
68904
68910
68915
68916
68917
68922
68925
68926
68938
68942
68943
68944
68953
68955
68961
68964
68966
68968
68969
68970
68971
68972
68975
68977
68979
68981
68988
68995
68999
69008
69017
69019
69028
69035
69046
69048
69051
69072
69076
69077
69080
69082
69083
69085
69089
69090
69091
69094
69104
69106
69113
69116
69121
69123
69125
69129
69131
69136
69146
69150
69159
69161
69162
69163
69168
69178
69179
69181
69188
69189
69190
69191
69192
69207
69215
69219
69225
69227
69228
69232
69234
69237
69241
69253
69257
69260
69263
69270
69276
69299
69305
69352
69367
69368
69379
69386
69399
69439
69456
69459
69482
69496
69499
69504
69524
69527
69535
69538
69543
69550
69551
69554
69556
69562
69564
69568
69574
69576
69585
69587
69590
69597
69601
69605
69608
69612
69617
69632
69634
69635
69639
69641
69642
69654
69663
69666
69668
69674
69675
69681
69683
69684
69692
69693
69694
69697
69698
69702
69716
69719
69721
69724
69726
69727
69731
69743
69748
69754
69757
69769
69772
69780
69786
69790
69792
69802
69804
69806
69807
69821
69823
69834
69837
69847
69852
69860
69863
69871
69875
69878
69882
69890
69893
69902
69903
69908
69912
69917
69920
69922
69923
69926
69928
69938
69940
69955
69956
69957
69981
69982
69993
69994
70008
70012
70021
70024
70025
70044
70047
70052
70060
70069
70078
70088
70093
70097
70099
70110
70120
70122
70134
70144
70160
70166
70178
70186
70207
70208
70218
70223
70225
70231
70233
70238
70239
70240
70247
70248
70252
70257
70266
70285
70292
70294
70297
70312
70314
70315
70316
70325
70333
70335
70349
70350
70351
70356
70358
70359
70361
70369
70370
70373
70381
70385
70387
70392
70394
70397
70408
70415
70417
70420
70422
70423
70427
70428
70430
70432
70433
70435
70439
70445
70451
70456
70465
70466
70470
70472
70478
70481
70495
70497
70527
70530
70533
70536
70549
70556
70560
70564
70567
70568
70572
70574
70579
70584
70591
70598
70601
70603
70604
70611
70612
70615
70616
70620
70625
70646
70650
70661
70673
70675
70676
70681
70683
70686
70693
70699
70717
70719
70726
70729
70737
70750
70757
70762
70767
70769
70779
70784
70785
70789
70790
70791
70797
70804
70810
70829
70834
70843
70884
70885
70911
70925
70928
70930
70945
70948
70974
70984
70989
70998
70999
71020
71041
71062
71069
71085
71093
71096
71099
71101
71116
71132
71137
71147
71148
71175
71176
71177
71198
71207
71213
71228
71233
71238
71240
71241
71242
71268
71302
71310
71323
71325
71326
71330
71336
71340
71361
71371
71373
71382
71389
71398
71405
71409
71435
71436
71446
71449
71452
71458
71461
71472
71474
71481
71514
71517
71519
71520
71521
71529
71538
71544
71566
71586
71599
71602
71609
71617
71643
71648
71653
71664
71670
71675
71678
71679
71699
71701
71702
71703
71707
71710
71711
71718
71720
71722
71724
71728
71729
71732
71735
71740
71743
71745
71746
71750
71751
71752
71753
71756
71764
71765
71766
71767
71770
71772
71776
71777
71778
71779
71780
71782
71799
71801
71803
71804
71805
71807
71810
71816
71819
71820
71824
71828
71831
71833
71834
71835
71840
71844
71846
71847
71853
71854
71861
71864
71865
71868
71876
71881
71885
71888
71889
71890
71893
71897
71900
71901
71902
71909
71910
71911
71914
71919
71924
71941
71943
71946
71947
71949
71950
71952
71954
71955
71956
71957
71960
71970
71972
71974
71978
71981
71984
71985
71986
71989
71990
71991
71994
71997
71999
72003
72007
72008
72014
72016
72017
72039
72042
72043
72046
72047
72049
72050
72054
72055
72057
72058
72065
72068
72074
72075
72083
72088
72094
72096
72097
72098
72103
72108
72113
72117
72119
72124
72125
72129
72135
72137
72140
72141
72145
72149
72151
72157
72162
72169
72170
72179
72180
72183
72184
72193
72194
72198
72199
72201
72205
72221
72236
72238
72265
72269
72278
72289
72290
72293
72296
72318
72320
72322
72323
72325
72330
72333
72341
72344
72345
72349
72350
72351
72354
723860
72393
72399
72400
72401
72404
72415
72416
72421
72429
72433
72459
72461
72462
72465
72469
72472
72475
72477
72479
72480
72486
72502
72503
72507
72508
72512
72515
72519
72535
72542
72543
72544
72549
72552
72554
72555
72562
72565
72567
72568
72569
72572
72580
72584
72590
72599
72607
72611
72612
72615
72621
72630
72634
72649
72654
72656
72657
72662
72672
72685
72691
72692
72701
72722
72726
72736
72739
72745
72747
72750
72772
72774
72775
72787
72789
72795
72821
72823
72825
72826
72828
72831
72836
72843
72844
72886
72900
72927
72930
72931
72935
72938
72946
72948
72949
72960
72961
72973
72981
72982
72993
73016
73024
73032
73046
73068
73072
73078
73086
73094
73095
73122
73124
73130
73137
73139
73158
73162
73166
73173
73174
73178
73181
73192
73205
73212
73218
73230
73242
73247
73251
73254
73274
73284
73288
73293
73296
73316
73333
73338
73340
73341
73379
73381
73385
73389
73420
73442
73447
73473
73481
73495
73526
73582
73626
73658
73666
73668
73673
73674
73677
73679
73681
73683
73689
73690
73692
73693
73699
73707
73708
73710
73711
73713
73723
73728
73736
73737
73738
73739
73744
73747
73804
73825
73826
73828
73830
73834
73836
73884
73910
73914
73916
73936
73945
73991
74002
74004
74006
74007
74008
74012
74015
74016
74018
74019
74020
74022
74025
74026
74035
74039
74041
74044
74051
74052
74053
74055
74075
74080
74081
74091
74094
74096
74098
74100
74102
74103
74104
74106
74107
74108
74111
74112
74117
74120
74122
74123
74125
74126
74127
74131
74132
74133
74140
74142
74143
74144
74145
74147
74148
74150
74153
74157
74159
74164
74167
74168
74185
74187
74189
74190
74192
74194
74195
74196
74197
74198
74199
74200
74201
74202
74203
74205
74206
74213
74222
74237
74239
74241
74244
74246
74252
74253
74255
74256
74270
74287
74288
74302
74316
74318
74320
74322
74325
74326
74330
74334
74335
74337
74340
74342
74343
74349
74351
74355
74356
74360
74362
74365
74369
74370
74374
74375
74377
74383
74385
74386
74388
74392
74400
74405
74407
74410
74412
74414
74419
74430
74435
74440
74443
74450
74451
74464
74469
74485
74486
74488
74493
74499
74513
74521
74522
74533
74549
74551
74558
74561
74562
74568
74569
74570
74585
74600
74617
74653
74665
74666
74682
74691
74718
74734
74735
74741
74754
74760
74761
74762
74764
74769
74772
74776
74777
74778
74781
74782
74838
74840
74841
74868
74895
74901
74915
74918
74978
74996
74998
75007
75013
75015
75033
75050
75051
75062
75087
75089
75099
75141
75185
75196
75209
75212
75216
75219
75221
75234
75273
75291
75302
75320
75328
75329
75339
75352
75387
75398
75406
75409
75410
75415
75416
75452
75454
75458
75459
75475
75510
75530
75547
75553
75560
75565
75572
75580
75593
75597
75599
75605
75607
75608
75612
75613
75616
75617
75619
75623
75624
75627
75646
75669
75678
75687
75691
75695
75698
75705
75706
75710
75717
75718
75723
75725
75734
75739
75740
75744
75751
75763
75764
75766
75767
75770
75778
75785
75786
75788
75796
75801
75826
75829
75841
75869
75870
75871
75901
75906
75909
75914
75956
75964
75965
75974
75985
75991
76007
76014
76022
76044
76055
76071
76073
76080
76088
76089
76108
76117
76123
76130
76132
76137
76138
76156
76167
76184
76187
76192
76199
76205
76217
76233
76238
76246
76257
76260
76263
76267
76273
76281
76282
76294
76299
76302
76303
76308
76332
76338
76357
76365
76367
76375
76380
76413
76425
76426
76438
76441
76448
76453
76454
76469
76478
76479
76482
76483
76484
76485
76487
76497
76499
76500
76507
76510
76522
76524
76527
76551
76559
76560
76561
76563
76568
76572
76577
76580
76582
76606
76608
76614
76626
76630
76633
76650
76681
76686
76687
76688
76707
76709
76718
76719
76722
76737
76740
76742
76757
76773
76779
76784
76787
76788
76789
76793
76795
76800
76803
76804
76808
76809
76813
76815
76816
76820
76824
76843
76846
76850
76856
76857
76858
76863
76867
76884
76886
76890
76893
76895
76899
76900
76901
76916
76917
76932
76936
76938
76947
76952
76954
76959
76960
76983
76987
77006
77031
77038
77040
77041
77044
77045
77053
77055
77065
77087
77097
77106
77110
77113
77116
77125
77134
77219
77254
77286
77305
77371
77407
77446
77480
77485
77505
77519
77521
77531
77559
77569
77573
77574
77578
77579
77582
77591
77593
77605
77609
77622
77626
77627
77629
77630
77644
77683
77697
77706
77721
77733
77744
77766
77767
77771
77772
77781
77782
77794
77799
77805
77809
77832
77853
77862
77864
77889
77929
77945
77951
77963
77974
77976
77980
77987
77998
78004
78016
78038
78070
780829
78092
78100
78177
78232
78240
78244
78246
78248
78252
78255
78266
78283
78284
78287
78294
78303
78308
78309
78323
78330
78339
78388
78394
78428
78455
78473
78506
78514
78523
78581
78586
78610
78618
78651
78653
78655
78656
78658
78688
78689
78697
78733
78748
78749
78752
78757
78771
78772
78779
78781
78783
78787
78795
78796
78797
78798
78801
78803
78808
78816
78825
78829
78830
78833
78834
78885
78887
78889
78891
78892
78893
78894
78895
78903
78908
78910
78911
78912
78913
78914
78920
78928
78929
78935
78938
78943
79044
79059
791324
79201
79221
79264
79362
79459
79464
79554
79560
80280
80281
80283
80284
80285
80286
80287
80288
80289
80294
80297
80334
80509
80707
80708
80718
80719
80720
80732
80743
80744
80749
80750
80794
80797
80837
80838
80859
80861
80876
80877
80879
80883
80884
80886
80888
80890
80892
80898
80901
80905
80906
80907
80910
80912
80913
80914
80915
80981
80982
80986
80987
81000
81003
81004
81018
81489
81500
81535
81601
81630
81702
81703
81840
81877
81879
81896
81897
81898
81905
81909
81910
83379
83382
83383
83396
83397
83398
83408
83409
83410
83428
83431
83436
83454
83456
83486
83490
83491
83493
83553
83557
83558
83560
83561
83563
83602
83669
83671
83679
83701
83702
83703
83762
83766
83767
83768
83796
83797
83814
83815
83885
83921
83922
83925
83945
83946
83962
83964
83993
83997
84004
84036
84092
84094
84095
84113
84505
84585
85305
93675
93679
93683
93684
93686
93687
93688
93692
93695
93696
93697
93699
93700
93705
93706
93719
93721
93730
93736
93737
93739
93742
93747
93759
93760
93761
93762
93765
93834
93836
93840
93841
93871
93884
93897
93966
94040
94044
94047
94061
94062
94063
94064
94065
94067
94089
94090
94091
94092
94093
94112
94175
94176
94180
94181
94184
94186
94187
94190
94192
94212
94213
94217
94218
94221
94223
94226
94229
94230
94232
94242
94244
94245
94246
94253
94275
94280
94282
94332
94352
94353
96875
96979
97064
97112
97114
97122
97130
97165
97212
97287
97387
97761
97820
97827
97908
97961
97998
98053
98193
98221
98238
98258
98267
98314
98363
98366
98376
98386
98396
98402
98403
98415
98417
98432
98488
98496
98558
98660
98682
98685
98710
98732
98733
98741
98752
98758
98766
98828
98845
98878
98910
98932
98956
98999
99003
99010
99011
99031
99045
99100
99138
99151
99152
99311
99326
99349
99371
99375
99377
99382
99412
99470
99480
99512
99543
99571
99633
99650
99683
99712
99730
99889
99890
99899
99982
