10
100
1000
10000
10002
10004
10008
1001
10011
100131801
100133941
100134444
10014
10018
10019
10020
10021
10025
100288687
1003
100303755
10038
10047
10049
100506658
100507436
10056
10058
10059
10060
10062
10063
10075
10082
100820829
10083
10084
10087
10090
10095
10100
10102
10107
10109
10110
10111
10112
10117
1012
10125
10128
1013
10131
10133
10135
10137
10140
10142
10144
1015
10154
10155
10157
10159
1016
10161
10165
10166
1017
10171
10179
1018
10184
10188
10189
1019
10195
10197
102
1020
10203
10204
1021
10210
10211
10215
10221
10225
10228
10229
10232
10235
10236
10238
10239
1024
10243
10246
10253
1026
10261
10262
10265
10266
10269
1027
10273
10274
10277
1028
10280
10286
1029
10290
10293
10295
10296
10297
103
1030
10309
1031
10312
10318
10320
10324
10327
10329
10342
10345
10346
10347
1036
10360
10363
10367
10369
10370
10371
10376
10381
10382
10389
10397
104
1040
10400
10401
10404
10409
1041
10410
10411
10412
10413
10436
10437
1044
10449
1045
10451
10452
10454
10456
10457
10459
10460
10461
10464
10466
10472
10476
10479
10483
10486
10487
10491
10495
10498
105
1050
10505
1051
10512
10516
10518
1052
10522
10525
10527
10528
10529
1053
10533
10535
10537
10542
10544
10549
10554
10555
10558
10559
1056
10560
10561
10562
10563
10564
10568
10574
10576
10577
10585
10587
10588
10594
10610
10613
10617
10618
1062
10628
1063
10630
10631
10634
10643
10644
10653
10654
10659
1066
10661
10664
10666
10667
10672
10678
10682
10683
10686
10693
10695
10699
107
1071
10715
10717
1072
10723
10728
1073
10730
10733
10734
10735
10736
10743
10746
10747
10749
1075
10758
10763
10765
10766
10769
10771
10772
10785
10797
108
1080
10801
10803
10806
10808
1081
10810
10814
10815
10818
1082
10826
10840
10841
10842
10846
10847
10848
10850
10855
10857
10858
10861
10875
10877
10878
10891
109
10902
10907
10908
10911
10913
10916
10919
10922
10924
10928
10933
10935
10939
10940
10946
10950
10961
10964
10978
10979
10980
10981
10987
11004
11009
11010
11011
11017
11020
1103
11034
11035
11040
11041
11043
1105
11051
1106
11067
1107
11073
11074
1108
11081
11083
1109
11093
111
11107
11113
11117
11122
11127
11128
1113
11132
11133
11136
11141
11149
11151
11152
11154
11155
11156
1116
11167
11168
11170
11173
11178
1118
11186
1119
11197
11199
1120
11200
1121
11214
11222
11224
11228
1123
11231
11232
11235
11236
112398
112399
112476
11249
11251
11252
11253
11254
11255
112609
11262
11274
112744
112752
112755
1128
11280
112802
11281
112812
112817
11284
11285
1129
113
1130
1131
11315
113189
113235
113251
11326
113278
1133
11330
11333
1134
11340
11342
11343
11346
1135
1136
113612
1137
113791
1138
113835
1139
114
1140
114034
1141
1142
114294
1143
114327
1144
114548
114609
1147
114757
114788
114803
114822
114826
1149
114902
114904
114907
1152
115286
115352
115362
115399
1154
115650
115761
1158
115908
115948
116
116039
116068
116085
1161
116150
116228
116369
1164
116442
116443
116449
116461
116496
116519
116840
116844
116931
117
117144
117154
117155
117156
117289
1174
1175
117531
118
1180
1181
1182
1183
1184
118429
1186
1187
1188
118813
118856
1191
1192
1193
119391
119559
12
120
1200
1201
120114
120227
120237
1203
120892
1209
121214
121256
121260
121278
1213
121340
121391
1215
121512
121601
122042
122416
122618
122961
123
1230
123041
1232
123263
123264
1233
1234
1235
1236
123606
123624
1237
123872
124
124093
124152
124401
124404
124454
124512
124583
124590
124626
124842
124997
125
125336
1258
125893
1259
125972
125988
126
126129
126133
126306
126328
126410
1265
1266
126695
126792
1268
1269
127
1270
1277
1278
127833
1280
1281
128178
1282
128338
1284
1285
1286
128674
1287
128866
128869
1289
1290
1291
1292
1293
1294
1295
129563
1296
1297
129787
1298
129880
1300
1301
130120
1302
1303
130340
130399
1305
130540
130557
131
1310
1311
131118
1312
131377
1314
131566
1316
1317
132
132320
1327
132789
132884
133
133418
133522
1337
134
134218
134430
134701
134728
135
1350
1351
1352
1355
1356
135644
1357
135935
136
1361
136259
1363
136371
1364
1368
1373
137392
1374
137492
1375
1376
137682
137735
1378
137814
137868
1380
138050
1381
1382
138474
1385
1387
1390
139105
1392
139212
1393
1394
139411
1395
139628
139741
1399
1401
1404
1406
140609
140628
1407
140732
140738
140767
1408
140803
1409
1410
1411
1412
1413
1415
1417
1419
142
1420
1421
142678
142680
142685
1427
1428
143
1431
143187
1432
1435
1436
143689
1437
1439
1440
1441
144100
144132
144165
144195
1442
144245
144453
144455
1445
144568
144577
1447
1448
144811
1452
145226
145270
145282
1453
1454
1457
145741
145781
145873
1459
146
1460
146057
146059
146177
146183
1462
146206
146225
146227
1463
146433
1465
146664
1468
146845
146862
1469
147
147007
1471
147381
1474
147409
147495
1475
1476
147906
148
148022
148103
1482
1487
148738
148789
148867
1489
1490
1491
149111
149233
149461
1495
1496
149628
149647
1499
149998
150
1500
150094
1501
150159
150365
150468
150684
1508
1509
1512
1513
151306
151354
1514
151742
151887
152
1520
152002
152110
152137
1522
1523
1524
152518
1528
152816
152831
152926
153
153020
153090
153241
1535
153562
1536
1537
154
1540
154064
154141
154288
1543
1544
1545
154791
1548
154810
154881
155
1553
1555
1557
1558
1559
156
1562
1571
1576
157657
157680
1577
157855
157922
158
1580
158038
1581
1582
1583
158326
1584
1585
158584
1586
1588
158866
1591
1592
159296
1593
1594
159989
16
1600
160335
1604
160418
1605
1607
160728
1609
1610
1611
1612
1613
161497
161582
1616
161742
1618
1621
1622
162417
1628
1629
1630
163183
163223
1634
163486
1636
163702
163786
163882
1639
164045
1643
164395
1644
1645
1646
164656
1647
1649
1650
1653
1654
1655
1657
166379
1665
1666
166752
1668
1670
1671
1672
1673
167359
1674
1675
167691
1678
168507
168667
1687
1690
169026
169044
169436
169522
169792
169841
170261
170302
170394
170679
170680
170712
170825
171023
171558
171568
1716
1717
1718
1719
1723
1727
1728
1729
173
1730
1733
1734
1735
1736
1737
1738
1739
1741
1742
1745
1747
1748
1750
1755
1756
1758
1759
176
1760
1761
1763
1767
1769
177
1770
1773
1776
1777
1778
178
1781
1785
1786
1788
1789
1798
18
1803
1804
1805
1806
1808
181
1811
1812
1813
1814
1815
1816
182
1822
1824
1827
1828
1829
183
1831
1832
1836
1837
1839
1840
1843
1844
1845
1846
1847
1848
185
1855
1857
1859
186
1861
1869
1870
1871
1875
1876
1879
1880
1889
189
1890
1892
1893
1896
19
190
1901
1902
1906
1908
1909
191
1910
1911
1915
1917
1938
1947
1950
1951
1952
1954
1956
1958
1959
196
1962
196385
1964
196441
1965
196527
196528
1967
196743
1968
1969
197
197258
197259
1973
197322
1977
1978
1984
199
1991
199221
1993
1994
1995
199713
1998
199857
1999
2
2000
200205
200315
200373
2004
200403
200424
200539
200576
2006
200728
200879
200894
2009
200931
200942
2010
2011
201163
201229
2013
201595
201626
2017
2019
201973
202018
2022
2023
2026
2027
2030
203228
203286
2033
2034
203447
2036
203859
204
2041
2042
204219
2043
2044
2045
2046
2047
2048
204851
2049
2050
2051
2052
2053
2054
2055
2056
2057
2059
2063
2064
2065
2066
2067
2068
2069
207
2070
2071
2072
2074
2077
2078
208
2081
2091
2099
21
210
2100
2101
2103
211
2110
2113
2114
2115
2118
2120
2121
2122
213
2130
2131
2132
2138
214
2146
2147
2149
215
2150
2152
2153
2155
2157
2158
2159
216
2160
2161
2162
2165
2166
2167
2168
217
2175
2176
2177
2178
218
2180
2182
2184
2185
2186
2187
2188
2189
219
2192
2194
2195
2196
219736
219771
219844
219902
22
220
2200
220074
2201
220136
2202
220296
2203
2205
2208
2209
220972
221
221035
221037
2212
2213
221322
221357
221421
221458
221472
221496
221656
221692
2218
221833
221895
221960
2220
2222
222256
2224
222546
222553
222662
223117
2235
2239
2241
2244
2245
2246
2247
2248
2249
225
2250
2251
2252
2253
2254
2255
225689
2257
2258
2259
2260
2261
2262
2263
2264
2266
2271
2272
2273
2274
22796
2280
22800
22802
22806
22807
22808
22820
22822
22827
22845
22852
22853
22858
22864
22866
22868
22871
22872
22880
22884
2289
22897
2290
22900
22901
22909
22913
22924
22926
2294
22943
22948
22953
22954
22955
22978
22982
22983
2299
22995
22998
22999
23
23001
23005
2301
23011
23013
2302
23020
23022
23025
23028
23030
23036
23039
2304
23040
23042
23043
23046
23048
2305
23054
23057
23064
23066
23074
2308
23080
23081
23085
23086
2309
23090
23092
23093
23094
23095
23098
231
23111
23112
23118
2312
23126
23129
2313
23133
23135
23139
2314
23141
23143
2315
23150
23152
2316
23162
23164
23165
23166
23169
2317
23171
23174
23177
2318
23184
23186
23187
23189
23193
23198
23203
23204
23207
23209
2321
23210
23212
23216
23217
23218
2322
23220
23224
23229
23236
23237
2324
23241
23245
23247
23250
23255
23256
23258
23259
2326
23261
23268
23269
2327
23274
23279
2328
23284
23286
23288
23299
23307
23308
23310
23312
23314
23315
23316
23317
2332
23321
23325
23327
23328
23334
23338
2334
23345
23347
2335
23352
23353
23362
23370
23371
23373
23385
23389
23394
23397
23400
23405
23409
23410
23411
23413
23414
23418
23421
23424
23426
23428
23431
23435
23436
23451
23460
23462
23474
23476
2348
23483
23491
23492
23493
23495
23499
2350
23500
23503
23508
23509
23512
23514
23516
23521
23522
23526
2353
23530
23532
23533
23534
23539
2354
23543
23545
23547
2355
23552
23554
23556
23558
2356
23562
23564
23568
23569
2357
2358
23586
23590
23592
23594
23597
23600
23601
23603
23604
23607
23619
23621
23630
23636
23639
23643
23646
23650
23657
23658
23671
23676
23683
23732
23741
23742
23743
23746
23761
23764
23765
23767
23774
23780
23788
238
239
2395
24
240
241
24137
24138
24140
24148
2444
245972
246
246176
246213
246243
246329
246778
2475
2483
2488
249
2492
2494
2495
25
2512
2516
2520
2521
2524
2526
2527
2529
252995
253017
2532
2534
2535
2537
2538
253827
2539
254065
2542
254394
254428
2547
2548
2549
2550
255022
255239
2554
255488
2555
255738
255758
2558
2559
255928
2560
2561
2562
256297
2563
256471
256472
2566
256764
256933
2570
2571
257106
257194
2572
25778
25780
25788
25789
25790
25792
25793
25794
25796
25797
258
2580
25800
25802
25805
2581
25814
25816
2582
25821
25824
25828
2583
25830
25836
25839
2584
25840
25844
25852
25861
25865
2587
25873
25878
2588
25885
25886
25890
259
2591
25913
25915
259197
2592
25923
259232
259266
2593
25937
25939
25942
25945
25953
25959
2596
2597
25970
25973
25974
25977
25978
25981
26
26005
26007
26010
26011
26012
26018
26022
26034
26037
26038
26039
26047
26053
26060
26061
26086
26090
26092
26119
26121
26122
26123
26127
26128
26130
26136
26146
26154
26160
2617
26173
261734
2618
2619
26191
2620
2621
2622
26224
26227
26229
2623
26235
2624
26249
2625
26259
2626
26266
2627
26270
26272
26276
26277
2628
26289
2629
26291
26292
2632
2633
26330
26353
2637
2638
2639
2641
2642
2643
2645
2646
26471
265
2651
26511
26519
2652
26523
26524
26525
2653
2657
26575
26576
26577
2658
26580
2660
2661
26610
2662
2664
2665
2668
267
2670
2671
2672
2673
26750
26762
2677
2678
268
2683
2688
2689
269
2690
2691
2692
2696
2697
26986
270
2700
2701
27010
27019
2702
27020
27022
2703
27030
27031
27032
27035
27040
27042
2706
27063
2707
27074
27077
27086
27087
27089
2709
271
27102
27107
27113
27121
27125
27127
27130
27148
27151
27152
27161
27164
2717
27185
2719
2720
27232
27235
27241
27242
27245
27247
27248
27249
27255
27286
27287
27295
2730
27303
27306
2731
27316
27327
27328
27329
2733
27330
27344
27347
27348
2735
27350
2736
2737
2739
274
2740
2741
27429
27436
27445
2746
2747
275
2752
2760
2766
2767
2768
2770
2771
2773
2774
2775
2776
2778
2779
2780
2782
2784
2788
2791
2796
2798
2799
28
2806
2810
2811
2812
2813
2815
2817
2820
2821
28234
2826
282617
282808
282809
282996
283
283092
283234
283238
2833
283310
283375
283417
283446
283455
283489
283989
284
2840
284013
284058
284086
284111
284119
284207
284217
284382
284403
284439
284546
2846
284654
284656
285
2850
28514
2852
285282
285362
285440
285489
285590
285600
2857
285848
2859
286
286053
286077
2861
286204
286262
286530
286676
286887
287
2870
2875
2876
2878
2879
288
2886
2888
2890
2891
2892
2893
2895
28958
2896
28962
28964
28965
28969
2897
2898
28981
28982
2899
28996
290
2900
29015
2902
2903
2904
29058
2906
29072
29078
29079
2908
29081
2909
29098
291
29102
29108
2911
29110
29116
29119
2912
29125
29126
29127
29128
2913
2914
2915
2916
2917
2918
2919
2920
2921
2922
2923
2925
2932
2934
2936
2938
2941
2944
2946
2949
2950
2954
2956
2969
2971
29760
29785
2979
2981
2982
2984
29851
2986
29887
29893
2990
29914
2992
29920
29922
29925
29927
2993
2994
29949
2995
29950
29951
29954
29959
29967
29968
2997
29978
2998
29980
29985
29995
29997
3000
30000
30008
30009
30011
30012
3002
3005
3006
30061
30062
3008
301
3012
3014
302
3020
3021
3026
3028
3030
3032
3033
3034
3035
3038
3039
3040
3043
3047
3052
3053
3054
306
3060
3061
3062
3064
3065
3066
3068
307
3070
3073
3074
3075
3077
3078
308
3080
3081
30813
30817
3082
30835
3084
30845
3087
309
3090
3091
3094
30968
3097
3098
3099
31
3105
3106
3107
3108
311
3110
3113
3115
3117
3119
3122
3123
3127
313
3131
3133
3135
3140
3141
3146
3148
3149
3156
3158
3159
3161
3162
3164
3166
3169
317
3170
3172
3176
317662
317719
317781
3178
3181
3187
3190
319101
3192
3195
3199
32
3200
3202
3205
3206
3207
3208
3213
3215
3219
3233
3235
3236
3237
3239
324
3240
3242
3248
3249
325
3251
3257
326
3263
3265
326625
3269
3274
328
3280
3283
3284
329
3290
3291
3292
3293
3294
3297
3298
330
3300
3303
3304
3306
3308
3309
331
3310
3312
3313
3315
332
3320
3326
3329
3339
333929
3340
335
3350
3351
3356
3357
3358
3359
336
3360
3361
3362
3363
337
3371
3373
3375
3376
337867
338
3383
338324
338328
338382
3384
338442
3385
338811
338917
339145
339345
3394
339453
3397
3398
339855
3399
34
3400
340024
340061
340156
340205
340267
340273
340419
340533
340719
340990
341
341568
3416
341640
3417
3418
3419
3420
3423
342371
3425
3426
342618
3429
342977
3430
343035
3433
3434
343450
343637
343641
3437
3439
343930
344
3440
344018
3442
344558
345
345193
3454
3455
3456
345611
345643
3458
345895
3459
345930
346007
346171
346288
346562
347
347088
347273
347344
3475
3476
347733
3479
348
3481
3482
3483
3484
3485
3486
3488
3489
348932
348938
348980
3491
349565
35
350
3508
351
3516
352909
353
353143
353144
353514
354
3543
3547
3549
355
3551
3552
3553
3554
3556
3557
3558
3559
356
3560
3561
3562
3565
3566
3567
3568
3569
3570
3572
3574
3575
3576
3577
3578
3579
358
3586
3587
3588
3589
3592
3593
3594
3596
3597
359787
359845
359948
360
3600
3604
3606
3608
361
3611
3612
3613
3614
3615
3617
362
3620
3621
3624
3627
3630
3635
3636
3638
364
3640
3642
3643
3645
3646
3651
3654
3655
3656
3659
366
3662
3663
3664
3665
3667
367
3670
3672
3673
3674
3675
3676
3679
368
3683
3684
3685
3687
3688
3689
369
3690
3691
3692
3693
3694
3696
3698
37
3700
3702
3703
3704
3708
3709
3710
3712
3713
3714
3716
3717
3718
3725
3726
3727
3728
3730
3735
3736
3737
374
3741
374291
374393
374407
3745
374569
3746
374654
3748
374868
374887
3749
374920
374946
374955
375
375056
3752
375298
3753
375449
3756
375611
3757
375790
3758
3759
3761
376132
3762
3764
3767
3769
3772
3777
3778
3779
3781
3782
3784
3785
3786
378884
3791
3796
3797
3798
3799
38
3800
3811
3814
3815
3816
3818
3822
383
3837
3838
384
3843
3845
3848
3849
3850
3851
3852
3855
3856
3857
3858
3859
3860
3861
3866
386653
3868
387
387082
387129
3872
387357
387496
3875
387700
387712
387715
387733
387758
387775
388
3880
388125
3882
388228
388389
388551
388552
3887
388743
388753
3889
388939
388962
3892
389207
389289
389421
389434
389549
389558
389692
3897
389840
389856
3903
390594
390595
3908
3909
3910
3911
3912
3913
391356
3914
3915
3918
3920
3921
392255
3925
392636
3927
3929
393
3930
3931
3932
3934
3936
3938
3939
3945
3948
3949
3952
3953
3954
3955
3956
3957
3958
3959
396
3963
397
3973
3975
3976
3977
3978
3981
3982
3984
3988
399
3990
3991
399823
399909
4000
4001
4004
4005
4009
400916
400935
401
4010
401138
401145
4012
4014
401474
4015
4016
4017
4018
402381
403
4035
4038
4040
4041
4046
4047
4048
4049
405
4053
4054
4055
4057
4058
406
4060
4061
4066
4067
4068
4069
4070
4072
4074
408
4082
4084
4085
4086
4087
4088
4089
409
4090
4091
4092
4093
4094
4097
4099
41
410
4108
411
4117
4118
412
4125
4128
4129
4131
4133
4137
4139
4141
4142
4143
4144
4145
4148
4149
4150
4153
4154
4155
4157
4158
4160
4162
4163
4166
4170
4171
4173
4175
4179
4185
4189
4190
4191
4192
4193
4194
4199
4200
4204
4205
4208
4209
421
4210
4212
4214
4215
4216
4217
4221
4222
4224
4233
4237
4247
4255
4256
4261
4267
427
4277
4282
4283
4285
4286
4288
429
4291
4292
4293
4297
4298
4299
43
430
4303
4306
4308
4311
4312
4313
4314
4316
4317
4318
4319
4320
4321
4322
4323
4329
4330
4335
4336
4338
434
4340
4342
435
4351
4352
4353
4354
4358
4359
4360
4361
4363
438
440
440138
440193
440275
440435
440822
440836
440854
441151
442184
442721
443
4436
4437
445
4478
4481
4485
4486
4487
4488
4495
4502
4504
4508
4509
4512
4513
4514
4519
4524
4534
4535
4536
4537
4538
4539
4540
4541
4544
4547
4548
4552
4582
4585
4589
4591
4593
4594
4595
4597
4598
4599
4600
4602
4603
4604
4607
4610
4613
4615
4616
4618
462
4620
4621
4624
4625
4626
4627
4628
4629
463
4632
4633
4634
4635
4638
4640
4643
4645
4646
4647
4650
4653
4654
4659
466
4661
4666
4668
4669
467
4671
468
4680
4683
4684
4689
4690
4691
4694
4695
4697
47
4700
4702
4703
4704
4705
4709
471
4713
4714
4715
4716
4719
472
4720
4722
4723
4724
4725
4726
4728
4729
473
4731
4734
4735
4736
474
4741
4744
4745
4747
475
4750
4751
4758
476
4760
4761
4762
4763
477
4771
4773
4774
478
4780
4781
4790
4791
4792
4794
4796
480
4803
4804
4808
481
4810
4811
4814
482
4821
4825
4830
4831
4835
4838
4841
4842
4843
4846
4849
4852
4853
4854
4855
486
4860
4861
4862
4864
4867
4868
4869
487
4878
4879
488
4880
4881
4882
4883
4886
4887
4889
489
4891
4893
4899
490
4900
4901
4904
4905
4908
4909
491
4913
4914
4915
4916
4919
492
4920
4921
4924
4926
4927
4928
4929
4935
493753
4938
493856
4939
4940
4942
494551
4952
4953
4968
4973
4976
498
4982
4983
4985
49855
4986
49860
4987
4988
4990
4998
50
5000
5002
5004
5008
5009
501
5010
5015
5016
5017
5019
5020
5021
5023
5025
5027
5028
5032
5034
5037
5045
5048
50484
50485
50486
50488
50506
50507
50511
5052
5053
5054
5055
5058
506
50604
50615
50616
50617
50618
50619
5062
5063
50632
5066
5067
50674
5069
5071
5073
5074
5076
5077
5078
5079
5080
50801
50805
50807
5081
50814
5083
5087
5091
5092
50937
50939
50940
50943
50944
50945
5095
5096
50964
51
51004
51008
51010
51014
51021
51024
51029
5104
51043
5105
51053
51057
5106
51062
51066
51067
51075
51079
5108
51081
51082
51083
51084
51085
51086
51088
51090
51091
51094
51095
51098
51099
5110
51103
5111
51111
51114
51116
51117
51119
51124
51128
51129
51134
51135
51142
51151
51156
5116
51163
51164
51176
51179
5118
51181
51185
5119
51191
51196
51199
51204
51206
5121
51218
5122
51225
51227
5125
51259
5126
51267
51268
51271
51280
51284
51292
51293
51294
51295
513
5130
51300
51303
51305
51308
51311
51312
51314
51317
51320
51324
5133
51330
51338
51341
51347
51360
51364
51366
51371
5139
51399
514
5140
5142
51422
51426
51428
5144
51447
5145
51454
5146
5147
51473
51475
51477
51479
5148
5149
51501
51506
51510
51514
51524
51527
51530
5154
51547
5155
5156
51561
51567
51569
51571
51574
5158
51586
5159
51592
51593
51599
5160
51602
51604
51614
5162
51621
51626
51635
5164
51643
51659
5166
51660
5168
51684
5170
51701
51715
51726
5173
51733
51738
5174
51741
51742
5175
51750
51752
5176
51763
51765
51776
51778
5178
51780
5179
51807
51816
5184
5187
5189
5190
5191
5192
5194
5195
5196
5199
5209
5211
5213
5216
5218
5222
5223
5224
523
5230
5236
5238
5239
5241
5243
5244
5245
525
5251
5255
5256
5257
526
5260
5261
5264
5265
5266
5267
5268
5269
5271
5274
5277
529
5290
5291
5292
5293
5294
5295
5296
5304
5305
5307
5309
5310
5311
5313
5314
5315
5318
5320
5321
5324
5325
5327
5328
5329
5332
5333
53335
53345
53347
5335
53353
5336
5337
53373
5339
5340
53405
5341
5345
5346
5347
5349
5350
5351
5352
5354
5357
5359
53616
53632
53637
5366
5367
5368
537
5371
5373
5376
5378
538
53834
5393
53947
5395
5396
54
540
54014
54084
54106
54187
5420
54205
54206
54209
5422
5423
5424
5426
5428
54332
54344
54361
54386
5443
54433
54434
5444
54443
5445
54458
5446
54463
54465
5447
54474
54477
54487
5449
54498
54499
545
5450
54502
54503
54507
54517
54531
54535
54538
54539
54541
5455
54556
5457
54578
54583
54584
54585
546
5460
54600
5465
54657
54658
5467
54676
5468
54681
5469
547
54704
54714
54715
54716
5473
54738
54739
54749
54756
54757
54765
54768
5478
5479
54790
54795
54796
54802
54805
54806
54808
54809
54820
54840
54861
54862
54877
54880
54885
54886
54887
54888
54892
54894
54897
54898
54899
549
54901
54902
54903
54919
54931
54937
54947
54949
5495
54968
5498
54982
54986
54996
55
5500
55008
55014
5502
55023
55024
55033
55034
55036
55037
55040
55054
5506
55062
55084
551
55102
55110
55112
55120
55124
55129
55130
55135
55143
55145
55149
5515
55151
55159
55163
55165
55170
55172
5518
55180
5519
55193
552
55209
5521
55210
55212
55213
55214
55215
5523
55240
55252
55262
5527
55275
55277
5528
55280
55286
55289
55294
5530
55315
5532
5533
55342
55343
55359
55367
5537
55379
5538
5546
5550
55500
55503
55504
55505
55509
5551
55512
55521
55526
55532
55534
55553
55558
55561
55572
55589
55599
55600
55601
55603
55605
5562
55624
5563
55630
55636
55651
55654
5566
55669
5567
55670
55676
55679
5568
55681
55690
55699
55703
55704
55714
55717
55721
55729
5573
55733
55737
55740
55743
55745
55746
55748
55752
55755
55759
55764
55765
55768
5577
55777
55779
5578
55780
55781
55783
55784
55785
558
5580
55800
55806
55808
5581
55812
5582
55823
55824
55829
5583
55830
55835
55840
55851
55857
55858
55863
55869
5587
55870
55871
55876
55879
5588
5589
55904
55905
55906
5591
55914
5592
5594
5595
55958
55959
55967
55975
5599
55997
55998
5601
5602
5603
56033
56034
5604
5605
56052
5607
5608
5609
5610
56136
56155
56159
56164
5617
56172
5618
56203
5621
5624
56244
56246
5625
5626
56262
5627
56271
56287
5629
563
5630
5631
56342
5644
5646
56475
56478
56479
5649
5652
56521
5654
5657
5660
56603
56606
56616
56623
56624
5663
5664
56652
56672
56683
56704
56729
56776
5683
56833
56848
5685
5686
5687
56893
56899
5690
56916
5692
56922
56924
56945
56946
56947
5695
56950
56952
56955
5697
56978
56981
56983
5699
56992
56994
56997
56999
570
57007
57010
57016
57017
5702
57030
57038
57045
5705
57057
57082
57084
57088
5709
57091
57094
57096
57099
57104
57105
57107
57120
57122
57128
5714
57144
57152
57154
57158
57165
57167
57172
57176
57178
5718
5719
57190
57192
572
5720
5721
57216
57217
5723
57231
5724
5725
5727
5728
57282
5731
5732
5733
5734
57369
5737
57379
57381
57393
5740
5741
57410
57412
57419
5742
5743
5744
57447
57449
5745
57455
57459
57462
57468
5747
57492
57505
57510
57511
57521
57522
57526
57531
57534
57538
57539
57545
57551
5756
57560
5757
57570
57582
57586
57592
57596
57623
57636
5764
57644
57661
57666
57670
57674
57679
57683
57688
57692
57697
5770
57704
57709
5771
57716
57728
57731
5774
57761
5777
57798
578
5781
57817
5782
57822
5784
5787
5788
5789
5792
5795
58
580
5800
5803
5805
5806
581
5813
5816
5817
5818
5819
582
5824
5825
5828
5829
583
5830
5831
5832
5834
5836
5837
58495
58498
58499
585
58508
58513
58529
586
5860
5862
5864
587
5879
5880
5885
5887
5888
5889
5891
5892
5894
5896
5897
590
5901
5902
5905
59082
5909
5913
5914
5915
5916
5917
5919
5921
5922
5923
5924
5925
59272
593
5932
59335
59338
5934
59340
59341
59344
59345
59350
594
5947
594857
5949
595
5950
5954
5956
5959
596
5961
5966
597
5970
5972
5973
5977
5978
5979
598
5980
5981
5984
5987
5993
5994
5995
5996
5997
5999
6000
6005
6006
6007
6009
6010
6011
6016
6017
602
6037
6039
604
60401
60468
60481
60482
60487
6049
60506
60509
60528
60558
60675
60678
60681
60684
60685
607
6091
6092
6094
6096
6098
6100
6101
6102
611
6121
6122
6123
6125
6128
613
6133
6134
6135
6137
6138
6141
6143
6144
6147
6152
6154
6155
6157
6160
6168
617
6173
6182
6187
6195
6197
6198
6199
6202
6204
6208
6209
6210
6223
6224
6229
623
6231
6233
6234
6235
6236
6237
6239
624
6240
6241
6247
6251
6253
6256
6259
6261
6262
627
6271
6272
6275
6276
6277
6278
6279
6280
6281
6285
6286
6288
629
6295
6297
6299
6303
63035
63036
6304
6305
6309
631
6310
6317
6318
6319
632
6320
6323
6324
6326
6327
6328
6329
633
6330
6331
6334
6335
6336
6337
6338
634
6340
6341
6342
6343
6344
6346
6347
6348
635
6351
6352
6354
6355
6356
6361
6363
6364
6367
6368
6369
6373
6374
6376
6382
63826
6385
6387
6389
63892
63895
639
6390
6391
63910
6392
63924
63925
63929
63932
63976
63978
63982
6399
640
6401
6402
6403
6404
6405
64061
64062
64067
64072
64087
64093
64094
641
64108
64109
64116
64121
64127
64131
64132
641339
6414
6416
64167
64170
64175
6418
64207
6421
64218
64219
6422
64220
64224
6423
64231
6424
64241
6426
6427
64283
64288
643
6430
64321
643226
64324
64327
64332
6434
643418
64374
64375
64376
6439
64399
644
6440
644096
6441
64411
64419
6442
64421
64423
6443
64434
6444
64446
6445
6446
6447
64478
6448
644815
645
64506
6452
6455
64577
64581
6462
6464
64641
64651
6468
6469
646960
6470
64710
64711
6472
6473
64754
64756
64757
64761
64764
64778
6478
64780
64787
64788
648
6480
64801
64802
64805
6482
64838
6484
64840
64841
64859
6487
6489
649
6491
64919
6492
6493
6496
64969
6497
6498
650
65018
6502
6503
6505
65055
65057
6506
65061
65062
6507
6508
65080
65084
65109
65125
6513
6514
6515
6517
6519
652
6521
65217
6522
6524
65250
6526
65266
65267
6528
6529
6530
6531
6532
653220
653361
6535
653509
6536
654
6546
6547
6548
655
6550
6554
6556
6557
6558
6559
6563
6565
6566
6567
6569
657
6572
6573
6574
6575
6576
658
6580
6581
6582
6583
6584
6586
659
6591
6594
6595
6597
65975
6598
65980
6599
65993
65998
660
6601
6602
6603
6605
6606
6607
6608
6609
6611
6614
6615
6616
6620
6622
6623
6628
6634
6635
6637
6638
664
6640
6647
6648
6649
6651
6652
6653
6655
6657
6658
6659
6660
6662
6663
6664
6665
6667
667
6674
6678
6687
6688
6689
6690
6693
6696
6697
6698
6701
6709
6712
6714
6715
6716
6718
672
6720
6721
6722
6723
673
6733
6748
675
6750
6751
6752
6753
6754
6755
676
6768
6769
6770
6772
6774
6775
6776
6777
6778
678
6783
6785
6786
6789
6790
6792
6793
6794
6795
6804
6809
6812
6817
682
6820
6821
683
6832
6833
6834
6840
6843
6844
6845
6847
685
6850
6854
6855
686
6863
6865
6867
6868
6869
687
6870
6872
6873
6875
6876
688
6880
6884
6885
6886
6887
6888
6890
6892
6897
6898
6899
6901
6902
6904
6905
6908
6909
6910
6911
6915
6916
6919
6921
6925
6926
6927
6928
6929
6932
6934
6935
6938
6939
694
6941
6945
6947
6948
695
699
6997
6999
70
7001
7007
701
7010
7014
7015
7018
7019
7021
7025
7026
7027
7029
7030
7031
7033
7035
7036
7037
7038
7039
7040
7042
7043
7044
7045
7046
7048
7049
7050
7051
7052
7054
7056
7057
7058
706
7067
7068
7069
7071
7072
7074
7076
7077
7078
708
7080
7083
7084
7086
7090
7091
7092
7094
7096
7097
7098
7099
71
710
7100
7102
7103
7110
7111
7112
7114
712
7124
7125
7128
7130
7132
7133
7134
7136
7137
7138
7139
714
7140
7148
7153
7156
7157
7158
7159
716
7161
7166
7167
7168
7169
717
7170
7171
7172
7173
7174
7175
7177
718
7181
7182
7185
7188
7189
72
720
7200
7201
7203
7204
721
7222
7224
7225
7226
7227
7248
7249
7252
7253
7262
7263
7266
727
7270
7272
7273
7274
7275
7276
7277
727857
727897
728
7280
728118
728294
7283
7284
7286
7287
7289
729
7290
7291
7292
729230
729238
729262
7293
729330
7295
7296
7297
7298
7299
729920
730
7301
7305
7306
7307
731
7314
7319
732
7324
7325
7328
7329
7332
7341
7345
7349
735
7350
7351
7352
7353
7355
7364
7367
7369
7371
7372
7373
7374
7376
7378
7381
7385
7389
7390
7391
7399
7401
7403
7409
7412
7414
7415
7416
7421
7423
7424
7425
7428
7429
7430
7431
7432
7436
7439
7441
7442
7443
7447
7448
745
7450
7453
7454
7456
7465
7466
7468
7469
7471
7472
7473
7474
7476
7478
7480
7481
7482
7486
7490
7494
7498
7504
7507
7508
7512
7514
7515
7516
7517
7518
7520
7525
7528
7531
7532
7534
7535
7538
7545
7546
7547
755
7552
7555
759
7592
760
761
762
768
7681
768206
7700
7701
7704
773
774
775
7750
7755
776
777
7779
778
7782
779
7799
780
7804
7805
781
7827
783
7837
784
7840
7844
7846
7849
785
7850
7852
7855
7867
7869
7871
7874
7879
7884
78987
790
79001
79012
79023
79026
79039
79042
79047
79048
7905
79053
79054
79058
79068
79071
79080
79087
79092
790955
79133
79139
79140
79143
79147
7915
79152
79153
79158
79184
79188
7922
79258
79366
794
7941
79443
79444
79465
7957
79571
79572
79577
79583
79587
79591
79595
796
79600
79621
79625
79628
79633
79644
79648
7965
79650
79658
79661
79663
79664
79665
79685
79694
79703
79711
79717
79718
79719
79728
79730
79731
79733
79734
79750
79751
79759
7976
79770
79783
7979
79796
79797
7980
79809
79813
79822
79823
79834
79840
79848
79853
79867
79868
79870
79876
79883
79887
79890
79902
79906
7991
79912
79923
79925
79932
79933
79934
7994
79944
79947
79955
79974
79983
79991
800
8000
80004
80025
80036
80055
80067
801
80114
80127
8013
80142
80144
80149
80150
80155
80184
80185
8019
80196
80204
80206
80207
80208
8021
80210
80212
80216
80217
8022
80222
80224
80254
80264
80270
80273
8028
8029
8030
80303
8031
80312
80324
80326
80331
80339
8036
8048
805
8050
80704
80725
80736
8074
80746
8076
80776
80781
80790
808
8082
80821
80830
8085
8089
80896
8091
81
8100
81027
81029
81031
81033
81037
8106
811
8110
8115
8120
8125
813
814
8140
8148
81494
815
81501
81545
81552
81562
81565
81570
81578
816
81603
81608
81620
81622
81624
8165
81689
81693
817
81704
8174
81788
81790
81794
818
81831
81846
81848
81857
81858
81887
8195
8200
8202
8204
8214
8218
822
8220
823
8233
8239
824
8241
8242
8243
825
8260
8289
829
8290
8291
8292
8295
8301
8302
8309
8312
8313
8314
8315
832
8320
8322
8328
833
8332
8339
83394
834
8342
83439
83449
83452
8347
83478
83479
83480
83483
835
83538
83544
83546
83552
8358
83593
836
8360
83605
83636
8364
83696
83699
83706
83716
83729
83743
83746
83756
8379
83795
83854
83861
83872
83879
83893
83932
83938
83943
83959
8398
83986
83990
840
8402
84033
8404
8405
84059
84061
84062
84068
8407
8408
841
84100
84126
84131
84133
84140
84146
84148
84152
84153
84159
84171
84173
84181
8419
84196
84197
842
84216
84221
84225
84231
84233
8425
84255
84260
84281
84282
84295
843
84300
8431
84314
84315
84317
84334
8434
84340
84342
8435
8436
84376
8438
844
8440
84432
84433
84441
84444
84446
84448
8445
84464
84466
845
8450
84504
8451
84515
84519
84529
8453
84530
8454
8456
84570
84572
846
8462
84623
84627
84628
8463
84630
84634
84648
84649
84662
84665
84667
84668
8467
84676
84679
8468
84687
847
84700
84701
84705
84706
8473
84733
84735
8477
8481
84816
84817
84818
84823
84839
8484
84871
84879
84892
84894
8490
84905
84908
84909
8491
8492
84920
84925
8493
84930
84962
84966
8497
84976
84987
84991
85015
85016
8504
8514
8517
8518
8522
8525
8526
8527
85300
85360
85363
85365
85366
8540
85403
85413
85417
8542
8544
85440
85443
85458
8546
85463
85465
8547
85476
85478
85480
85481
8549
8553
8556
8557
8564
8565
8566
857
8570
8572
8573
8575
858
859
860
8600
8604
861
8614
862
8622
8623
8624
8625
8626
8629
8633
8635
8638
8639
864
8642
8643
8644
8645
8648
865
8651
8655
8659
866
8660
8662
8665
8666
8668
867
8671
8673
8675
8678
8683
8694
87
8701
871
8710
8711
8714
87178
8722
8725
8726
8728
873
8736
8738
8740
8741
8742
8743
8744
875
8754
8761
8763
8764
8767
8772
8777
8784
8787
8788
8789
8790
8792
8794
8795
8797
8799
88
8800
8801
8802
8804
8805
8807
8811
8813
8817
8818
8820
8821
8822
8823
8824
8825
8828
8829
883
8831
8835
8836
8837
8838
8842
8843
8848
885
8854
8856
8859
886
8862
8863
8864
8867
887
8870
8875
8876
8877
8878
8879
8880
8884
889
8890
8891
8892
8898
890
8900
8905
8908
891
8910
8912
8913
8924
8925
8928
8929
894
8945
896
89765
89780
89795
89797
898
8985
89869
8988
89884
8989
89891
899
8991
89910
8996
8999
9
90
9002
90102
90121
9015
9019
902
9020
9021
90226
9026
9031
90326
90332
90355
90362
9037
90427
9045
9049
9051
9054
9055
9056
9060
90624
90668
90678
9075
9076
9077
90865
9091
9094
9095
9096
90993
9101
91039
9104
9110
9112
9113
91137
91147
9118
9120
91252
9126
9128
9129
9131
9132
9134
914
9145
91452
9148
9149
915
91543
9156
91574
916
91608
91624
91647
91653
91661
91662
9168
917
9173
9175
91752
9179
9180
9181
9183
91833
91851
91869
9187
919
91937
9194
91942
91949
92
920
9200
92002
9201
9205
921
9210
9211
9212
9213
9215
9217
9219
92211
9223
92241
9227
923
9230
92304
9232
92335
92344
92345
9235
924
9241
9244
9246
9247
92482
925
9252
9254
9255
926
92609
92667
9267
9274
92749
9276
928
9282
92840
929
9293
92935
93
930
9308
931
9313
9314
9315
93166
9318
93183
9319
9320
9321
93233
9326
9332
9334
93426
9349
9351
9353
9356
93589
9361
93611
93627
9364
93649
9365
93659
93664
9368
9370
9376
9377
9378
9380
9381
9382
939
9394
9397
93986
94
940
9401
94025
94081
9409
941
94103
9411
94137
9414
9415
94160
942
9420
9425
9427
94274
9429
943
9439
9440
9444
9446
945
9450
9451
9454
9455
9456
9457
9459
946
9463
9464
9466
9468
9469
947
9472
9474
9475
9479
948
949
9493
9495
9496
9497
9499
95
950
9509
9510
9512
9516
9517
9518
952
9524
9525
9526
9529
953
9531
9536
954
9540
9547
955
9557
9559
9562
9564
9568
95681
9569
9570
9572
9573
9575
9578
958
9581
9582
9586
9588
959
960
9607
9611
9615
9619
9622
9623
9625
9627
9631
9632
9638
9644
9649
965
9652
9657
966
9662
9663
9672
9679
968
9681
9687
9688
969
9690
9693
9696
9698
9699
970
9700
9704
9706
9711
9719
972
9722
973
9731
9733
9734
9736
974
9742
9745
9748
975
9750
9752
9755
9757
9758
9759
9770
9771
9772
9774
9782
9785
9786
9788
9790
9791
9817
9820
9829
983
9833
9839
9842
9843
9844
9851
9855
9861
9863
9869
987
9871
9873
9874
9882
9885
9886
9891
9895
9896
9897
990
9901
9902
9915
9922
9924
9927
9928
9935
9939
994
9940
9943
9948
9949
9950
9951
9953
9960
9962
9963
9966
9968
9969
9970
9971
9973
9975
9978
998
9987
999
9992
9993
9997
