10178782
10178800
10178801
10178819
10178851
10178861
10178870
10178948
10178964
117294
117332
117348
117353
117361
117365
117368
117369
117407
117414
117419
117462
117492
117496
117498
117503
118436
12797869
12797881
12797884
12797890
12797892
12797896
12797897
12797914
12797925
12797936
12797939
12797942
12797956
12797982
12797983
12797995
12798010
12798011
12798012
12798013
12798016
12798017
12798018
12798026
12798032
12798043
12798062
12798070
12798083
12798084
12798086
12798087
12798126
12798127
12798128
12798129
12798133
12798150
12798161
12798170
12798171
12798204
12798217
12798221
12798236
12798237
12798238
12798261
12798262
12798263
12798279
12798280
12798291
12798294
12798299
12798300
12798306
12798320
12798333
12798354
12798380
12798384
12798389
12798410
12798411
12798412
12798416
12798417
12798421
12798431
12798434
12798435
12798452
12798455
12798460
12798465
12798472
12798474
12798482
12798503
12798504
12798508
12798509
12798510
12798524
12798529
12798547
12798557
12798560
140439
14462484
14462485
14462581
14462585
14462605
14462661
14462681
14462712
14462752
14462787
192481
192506
192507
192508
192509
192528
19834718
19834760
19834908
19834948
19835457
19835548
19835657
19835727
19835899
19835905
19893531
19893533
19893535
19893536
19893538
19893539
19893546
19893549
19893560
246386
246388
246393
246399
246404
246412
246425
246439
246445
246448
246449
246467
246485
246489
246490
246493
246497
246507
246515
246522
246525
246530
246533
246534
246538
246540
246543
246549
246552
246561
246565
246568
246588
246595
246596
246599
246602
246604
246605
246608
246610
246618
246620
246621
246624
246627
246634
246638
246640
246648
246650
246652
246653
246656
246663
246668
246670
246682
247841
248102
248194
249072
249663
250735
250736
251270
251414
251430
251466
251610
251645
251690
251937
251984
252460
252479
252554
252671
260645
260659
261603
261610
261613
261618
261629
261631
261663
2768661
2768670
2768674
2768677
2768679
2768680
2768685
2768687
2768688
2768716
2768718
2768721
2768722
2768836
2768848
2768852
2768853
2768858
2768865
2768872
2768875
2768877
2768879
2768882
2768889
2768908
2768910
2768916
2768920
2768929
2768934
2768938
2768940
2768944
2768945
2768948
2768949
2768964
2768965
2768968
2768974
2768976
2768977
2768981
2768992
2768996
2768999
2769001
2769008
30971
30972
30973
30975
30977
30980
30981
30982
30983
30985
30986
30988
30990
30991
30995
30996
30998
31000
31001
31002
31003
31004
31006
31007
31009
31010
31011
31012
31013
31014
31015
31016
31017
31018
31020
31021
31022
31023
31024
31027
31029
31030
31031
31037
31038
31039
31042
31043
31044
31046
31048
31049
31050
31052
31054
31055
31057
31059
31062
31063
31065
31066
31067
31069
31070
31071
31074
31075
31078
31079
31080
31081
31082
31083
31084
31086
31090
31093
31095
31097
31098
31101
31103
31104
31105
31106
31109
31110
31111
31118
31119
31120
31121
31126
31127
31128
31129
31130
31132
31137
31139
31140
31141
31142
31143
31144
31145
31146
31147
31148
31149
31150
31151
31152
31153
31154
31155
31156
31157
31158
31162
31163
31165
31166
31167
31168
31169
31170
31171
31172
31173
31174
31175
31176
31177
31178
31179
31181
31184
31185
31186
31187
31189
31190
31193
31194
31195
31196
31197
31198
31200
31201
31204
31205
31207
31208
31210
31211
31212
31213
31214
31215
31217
31219
31220
31221
31222
31224
31226
31227
31228
31229
31230
31234
31235
31236
31237
31239
31240
31243
31244
31245
31247
31248
31249
31250
31251
31253
31254
31255
31256
31257
31258
31259
31260
31261
31262
31263
31264
31265
31266
31267
31268
31269
31270
31271
31272
31273
31275
31276
31279
31280
31283
31286
31289
31290
31291
31292
31293
31295
31298
31300
31301
31309
31310
31314
31315
31316
31318
31319
31320
31321
31322
31326
31328
31329
31331
31332
31335
31336
31339
31340
31341
31342
31343
31347
31348
31349
31350
31351
31353
31355
31357
31358
31359
31361
31362
31363
31364
31369
31370
31371
31372
31373
31374
31376
31377
31379
31380
31381
31382
31383
31384
31385
31386
31387
31388
31390
31391
31393
31394
31395
31396
31397
31398
31399
31404
31405
31406
31407
31409
31410
31411
31414
31415
31416
31419
31420
31422
31424
31425
31426
31427
31429
31430
31433
31435
31439
31441
31442
31443
31444
31445
31447
31448
31449
31450
31451
31457
31458
31459
31460
31461
31465
31466
31469
31473
31474
31480
31481
31483
31487
31489
31490
31493
31496
31497
31498
31499
31500
31503
31506
31507
31511
31513
31515
31516
31517
31518
31519
31520
31521
31522
31523
31524
31525
31526
31528
31532
31533
31535
31536
31538
31539
31540
31541
31543
31544
31547
31550
31551
31554
31555
31556
31557
31558
31560
31562
31564
31565
31566
31567
31568
31571
31572
31574
31576
31577
31579
31580
31581
31582
31585
31586
31588
31589
31591
31593
31594
31595
31596
31597
31598
31600
31601
31602
31603
31604
31605
31606
31607
31608
31609
31611
31613
31615
31617
31618
31620
31621
31622
31624
31625
31626
31628
31629
31630
31632
31638
31639
31641
31642
31646
31647
31648
31651
31657
31658
31659
31660
31661
31662
31663
31664
31665
31666
31667
31669
31671
31678
31679
31680
31681
31682
31683
31684
31688
31691
31695
31696
31697
31698
31700
31701
31702
31703
31704
31705
31706
31707
31712
31713
31715
31716
31717
31718
31721
31722
31724
31726
31727
31728
31729
31732
31735
31736
31737
31738
31740
31741
31742
31743
31744
31745
31746
31747
31748
31751
31759
31760
31761
31762
31763
31764
31765
31766
31767
31770
31771
31772
31773
31775
31776
31778
31779
31780
31781
317813
317815
31782
317824
317829
317835
317852
31786
317860
317867
31787
317878
31788
31789
317903
317911
317916
317917
317919
31792
317922
317923
317924
317928
31793
317933
31794
317946
31795
317952
317973
317974
31798
317987
31799
317996
31800
318000
318008
31801
318014
318016
31802
318030
318034
318035
318037
31804
31805
318053
31806
318066
31807
31808
31809
318093
318095
318098
31810
31811
31813
318133
31815
31816
318160
318161
318164
318166
31817
31818
318193
318206
318207
318210
318211
31822
318220
318226
318227
318228
318231
31824
318246
318252
31826
318260
31829
31833
31834
31837
31838
31839
31840
31841
31842
31843
31844
31845
31846
31848
31849
31851
31853
31855
318552
318554
318559
31856
318562
318566
318572
318579
31858
318582
318595
318597
318599
318604
318608
318622
318625
318627
318633
318636
31864
318646
31866
31867
318680
31869
318700
318709
318716
31872
318721
31873
318734
31874
318741
318747
318753
31877
31879
318791
318794
31880
31881
318824
318825
31883
318833
318841
318846
318847
318854
318855
318856
318859
318867
318868
31887
318872
318874
318881
318883
318886
318890
318893
31890
318905
318908
318918
318935
318947
318949
318950
318952
318957
318958
31896
318961
31897
318972
318977
318980
318983
318990
318992
318996
319000
31902
319020
319026
31903
319030
319033
31904
319043
319045
319046
319048
31905
319064
31912
31913
31914
31915
31917
31922
31924
31925
31926
31928
31933
31934
31935
31938
31939
31942
31943
31944
31947
31948
31949
31950
31952
31953
31954
31955
31957
31958
31960
31961
31962
31964
31965
31966
31967
31970
31971
31975
31976
31977
31979
31980
31987
31988
31989
31991
31993
31997
32000
32001
32005
32006
32007
32008
32009
32011
32013
32014
32015
32016
32017
32018
32019
32020
32022
32026
32027
32028
32032
32035
32039
32041
32042
32045
32046
32047
32049
32050
32051
32053
32055
32057
32058
32060
32065
32067
32068
32069
32071
32072
32073
32074
32075
32076
32077
32078
32079
32080
32081
32083
32087
32088
32089
32090
32092
32093
32094
32095
32097
32098
32099
32100
32101
32102
32103
32104
32106
32107
32108
32109
32110
32111
32112
32113
32114
32115
32116
32119
32120
32122
32123
32124
32125
32126
32128
32131
32132
32133
32135
32137
32139
32140
32141
32142
32143
32144
32145
32146
32148
32149
32151
32152
32153
32154
32158
32159
32160
32162
32163
32164
32165
32166
32167
32168
32169
32173
32176
32177
32183
32188
32189
32190
32191
32193
32195
32198
32199
32200
32202
32203
32205
32207
32209
32212
32213
32214
32216
32221
32222
32225
32226
32228
32229
32230
32233
32238
32240
32241
32243
32244
32245
32246
32250
32253
32256
32257
32258
32260
32262
32263
32266
32267
32268
32269
32271
32272
32273
32274
32275
32278
32282
32285
32288
32291
32292
32293
32294
32295
32297
32298
32299
32301
32302
32303
32307
32309
32311
32312
32314
32315
32316
32317
32318
32319
32320
32321
32322
32323
32324
32326
32327
32328
32329
32330
32334
32335
32337
32338
32339
32340
32341
32343
32345
32348
32349
32350
32351
32352
32353
32357
32358
32360
32361
32362
32367
32368
32373
32374
32375
32377
32378
32379
32381
32384
32387
32392
32393
32394
32397
32398
32400
32402
32406
32407
32408
32409
32410
32413
32414
32415
32420
32425
32426
32428
32429
32430
32434
32435
32437
32441
32442
32443
32444
32446
32448
32450
32452
32453
32454
32455
32457
32458
32459
32461
32462
32463
32464
32470
32471
32473
32474
32478
32481
32482
32483
32487
32488
32490
32492
32494
32495
32498
32499
32500
32501
32502
32503
32504
32505
32506
32507
32508
32509
32510
32511
32512
32513
32514
32515
32516
32517
32518
32520
32521
32522
32523
32524
32525
32526
32528
32529
32530
32531
32532
32533
32534
32536
32537
32539
32540
32541
32542
32543
32544
32545
32547
32548
32549
32551
32552
32556
32557
32558
32561
32563
32564
32565
32566
32567
32568
32569
32572
32573
32574
32576
32579
32581
32582
32584
32585
32586
32587
32588
32589
32591
32592
32593
32594
32595
32596
32597
32599
32601
32602
32603
32604
32605
32606
32607
32608
32610
326108
326109
32611
326115
326116
326118
32612
326121
326122
326124
326128
326129
32613
326131
326132
326133
326135
326138
326139
326140
326141
326142
326144
326146
326148
326149
32615
326150
326151
326152
326153
326155
326156
326157
326158
32616
326160
326164
326165
326166
326167
326168
32617
326170
326171
326172
326173
326179
326184
326186
326187
326188
326189
32619
326192
326195
326197
326198
32620
326203
326205
326206
326208
326209
326214
326215
326216
326219
32622
326224
326226
326227
32623
326234
326235
326237
32624
326240
326244
326245
326246
32625
326251
326253
326254
326255
326256
326258
326259
326262
326264
326267
32627
326273
32629
32630
32631
32632
32635
32636
32637
32638
32639
32640
32641
32643
32645
32646
32648
32650
32651
32656
32657
32660
32661
32662
32663
32664
32665
32668
32670
32671
32672
32673
32674
32676
32677
32679
32680
32683
32684
32685
32686
32687
32689
32690
32691
32692
32695
32696
32698
32700
32701
32703
32705
32707
32715
32716
32718
32721
32722
32723
32724
32725
32726
32728
32729
32731
32732
32733
32737
32738
32739
32740
32741
32743
32745
32746
32748
32751
32752
32753
32754
32757
32758
32760
32761
32762
32763
32764
32766
32768
32769
32770
32771
32774
32775
32777
32778
32780
32781
32785
32786
32787
32788
32789
32790
32791
32792
32793
32794
32796
32797
32799
32800
32801
32805
32806
32813
32817
32818
32819
32820
32821
32822
32824
32826
32827
32831
32832
32835
32836
32837
32838
32839
32840
32841
32844
32845
32846
32849
32850
32851
32852
32853
32854
32855
32857
32858
32860
32861
32862
32865
32866
32869
32871
32872
32874
32875
32876
32877
32878
32880
32881
32882
32886
32887
32889
32892
32893
32894
32896
32897
32898
32902
32905
32906
32908
32910
32916
32917
32918
32919
32920
32921
32922
32924
32925
32926
32928
32930
32932
32934
32935
32936
32937
32938
32939
32940
32941
32942
32943
32946
32947
32948
32950
32951
32953
32954
32955
32958
32962
32963
32964
32965
32966
32967
32969
32970
32971
32972
32973
32974
32975
32976
32977
32979
32981
32982
32983
32984
32987
32989
32990
32991
32992
32993
32994
32995
32996
32999
33000
33001
33002
33003
33004
33005
33006
33007
33009
33010
33011
33013
33014
33015
33016
33017
33018
33019
33022
33023
33024
33025
33027
33028
33029
33031
33033
33034
33035
33036
33040
33043
33044
33045
33046
33047
33048
33051
33056
33059
33060
33061
33062
33064
33066
33068
33071
33072
33076
33077
33078
33081
33082
33083
33085
33090
33093
33094
33096
33098
33103
33104
33105
33107
33108
33110
33111
33112
33114
33117
33119
33120
33121
33123
33125
33126
33127
33130
33131
33132
33133
33135
33136
33137
33139
33140
33141
33142
33143
33144
33147
33148
33155
33156
33158
33161
33162
33165
33166
33167
33169
33170
33171
33172
33174
33175
33178
33179
33180
33183
33184
33185
33190
33191
33193
33194
33196
33197
33198
33200
33201
33202
33203
33204
33206
33207
33208
33209
33210
33211
33212
33213
33214
33215
33218
33219
33220
33223
33224
33225
33226
33227
33228
33229
33230
33231
33232
33234
33235
33236
33237
33238
33239
33240
33241
33245
33249
33251
33252
33255
33258
33259
33260
33261
33262
33263
33264
33266
33267
33268
33269
33270
33271
33274
33275
33276
33277
33279
33281
33282
33283
33285
33286
33288
33289
33290
33291
33293
33295
33298
33299
33300
33301
33303
33304
33305
33306
33307
33308
33310
33312
33313
33314
33317
33318
33319
33323
33324
33331
33333
33334
33335
33336
33337
33338
33339
33341
33343
33346
33347
33348
33349
33350
33351
33353
33356
33358
33360
33361
33367
33369
33370
33372
33373
33374
33377
33379
33384
33386
33388
33389
33390
33391
33392
33397
33398
33399
33401
33402
33404
33406
33408
33409
33411
33412
33413
33414
33418
33419
33421
33423
33424
33426
33427
33432
33434
33435
33436
33438
33439
33440
33441
33442
33443
33444
33445
33447
33449
33451
33452
33458
33459
33460
33461
3346145
3346149
3346160
3346162
3346167
3346176
3346177
3346192
33462
3346201
3346202
3346206
3346207
3346208
3346209
3346227
3346235
3346237
3346239
33465
33466
33467
33468
33469
33470
33471
33473
33474
33475
33477
33481
33487
33488
33489
33490
33492
33493
33495
33496
33498
33499
33500
33501
33502
33503
33505
33507
33509
33511
33512
33513
33514
33515
33516
33518
33519
33520
33521
33524
33526
33527
33528
33529
33530
33532
33535
33539
33541
3354863
3354888
3354896
3354918
3354919
3354921
3354925
3354965
3354971
3354977
3354987
3354988
3354992
3354994
3354996
3355010
3355013
3355016
3355040
3355041
3355064
3355072
3355079
3355084
3355089
3355094
3355096
3355102
3355106
3355108
3355109
3355111
3355114
3355116
3355123
3355124
3355126
3355127
3355130
3355131
3355132
3355133
3355134
3355135
3355136
3355138
3355139
3355143
3355144
3355145
3355150
3355151
3355155
3355158
3355163
3355164
3355171
33554
33555
33557
33560
33562
33563
33565
33567
33569
33570
33571
33572
33573
33574
33575
33576
33578
33581
33583
33589
33599
33600
33601
33602
33603
33604
33606
33607
33608
33610
33611
33613
33615
33616
33617
33619
33621
33622
33626
33627
33628
33629
33630
33631
33635
33638
33639
33640
33641
33642
33643
33644
33645
33646
33648
33649
33650
33652
33654
33655
33656
33657
33658
33659
33661
33667
33668
33669
33670
33671
33672
33675
33676
33677
33678
33680
33682
33683
33685
33686
33689
33692
33693
33694
33695
33702
33703
33704
33705
33706
33707
33708
33709
33710
33711
33712
33714
33715
33716
33717
33718
33719
33721
33725
33726
33727
33732
33735
33736
33738
33739
33742
33744
33748
33749
33750
33751
33752
33753
33754
33757
33758
33759
33760
33761
33766
33768
33769
33770
33772
33774
33775
33776
33777
33778
33779
33781
33782
33783
33785
33787
33788
33789
33790
33791
33792
33793
33795
33796
33797
33798
33804
33805
33806
33808
33809
33810
33812
33814
33817
33818
33819
33820
33822
33823
33824
33825
33826
33827
33828
33829
33830
33831
33832
33833
33834
33835
33836
33837
33839
338392
338395
33840
33841
33842
33843
33845
33846
33847
33849
33850
33852
33853
33854
33855
33857
33859
33861
33863
33864
33865
33868
33869
33874
33875
33881
33882
33883
33884
33885
33890
33892
33893
33894
33896
33897
33898
33899
33900
33901
33902
33903
33904
33905
33906
33907
33908
33909
33910
33911
33913
33914
33916
33917
33918
33919
33920
33921
33925
33927
33928
33930
33933
33934
33935
33937
33938
33939
33940
33941
33942
33943
33944
33946
33948
33949
33950
33952
33953
33954
33957
33959
33960
33961
33962
33964
33965
33966
33967
33968
33969
33971
33972
33973
33974
33975
33976
33977
33979
33981
33982
33983
33984
33986
33987
33988
33989
33991
33992
33994
33995
33999
34000
34002
34003
34005
34007
34009
34010
34011
34012
34013
34014
34015
34016
34017
34018
34019
34021
34022
34023
34024
34029
34030
34032
34035
34038
34042
34044
34045
34052
34054
34055
34058
34060
34061
34062
34064
34065
34066
34067
34068
34069
34070
34075
34077
34079
34080
34086
34087
34089
34090
34091
34092
34093
34094
34095
34096
34097
34098
34099
34102
34106
34107
34109
34110
34111
34112
34114
34115
34116
34117
34118
34119
34120
34122
34123
34124
34125
34126
34127
34129
34131
34132
34135
34136
34137
34138
34139
34140
34141
34142
34144
34145
34147
34148
34149
34152
34153
34155
34156
34157
34158
34159
34160
34161
34162
34164
34166
34167
34169
34170
34171
34172
34176
34177
34179
34180
34181
34182
34183
34184
34186
34187
34188
34189
34191
34192
34193
34196
34197
34203
34204
34205
34206
34208
34212
34215
34219
34220
34225
34226
34227
34229
34231
34237
34241
34242
34244
34245
34250
34251
34253
34256
34259
34260
34262
34263
34264
34268
34269
34271
34272
34274
34275
34276
34277
34280
34281
34283
34284
34286
34287
34289
34292
34293
34294
34299
34302
34303
34304
34306
34307
34309
34310
34311
34312
34313
34314
34315
34316
34318
34320
34321
34323
34324
34326
34328
34329
34330
34331
34333
34334
34336
34338
34339
34341
34342
34350
34351
34352
34353
34354
34355
34356
34357
34358
34359
34360
34361
34362
34363
34364
34367
34368
34370
34371
34373
34374
34376
34377
34378
34379
34380
34381
34383
34384
34385
34387
34388
34389
34392
34393
34394
34395
34396
34397
34402
34403
34404
34405
34408
34410
34411
34412
34413
34414
34416
34419
34420
34421
34422
34423
34425
34426
34427
34428
34429
34430
34431
34432
34433
34434
34435
34437
34440
34441
34442
34444
34445
34446
34449
34450
34451
34453
34455
34457
34458
34460
34461
34462
34465
34467
34469
34471
34474
34477
34478
34479
34480
34481
34482
34483
34485
34487
34488
34489
34490
34493
34494
34495
34496
34497
34500
34502
34503
34504
34505
34506
34507
34509
34514
34516
34519
34521
34524
34526
34527
34528
34529
34530
34536
34537
34539
34540
34541
34542
34543
34545
34546
34548
34549
34550
34551
34553
34554
34558
34559
34560
34564
34565
34566
34567
34568
34569
34570
34571
34572
34573
34577
34578
34582
34585
34588
34589
34590
34591
34592
34593
34595
34598
34601
34608
34609
34610
34611
34613
34615
34618
34619
34621
34622
34625
34626
34627
34629
34630
34631
34632
34633
34634
34636
34639
34640
34642
34644
34646
34648
34652
34654
34655
34656
34658
34661
34663
34665
34669
34673
34674
34675
34676
34677
34681
34683
34684
34685
34686
34687
34688
34693
34695
34696
34699
34700
34701
34704
34706
34707
34708
34709
34710
34712
34713
34714
34715
34716
34717
34719
34720
34721
34722
34724
34725
34726
34727
34728
34732
34734
34735
34736
34741
34742
34743
34745
34747
34748
34749
34750
34751
34752
34753
34754
34756
34757
34758
34761
34762
34763
34767
34768
34769
34771
34772
34773
34774
34776
34777
34778
34779
34780
34781
34783
34784
34785
34787
34788
34789
34790
34791
34792
34793
34794
34796
34799
34800
34801
34803
34804
34806
34807
34808
34809
34811
34812
34814
34816
34817
34818
34819
34822
34823
34824
34828
34830
34831
34834
34835
34837
34839
34840
34842
34843
34844
34845
34846
34847
34848
34849
34850
34856
34857
34858
34863
34866
34867
34870
34872
34873
34874
34875
34876
34877
34878
34879
34881
34882
34883
34885
34887
34888
34889
34890
34891
34892
34893
34894
34896
34897
34901
34902
34903
34906
34907
34908
34910
34912
34917
34920
34924
34927
34928
34930
34932
34934
34941
34942
34943
34945
34946
34947
34949
34950
34951
34952
34953
34954
34956
34961
34962
34963
34964
34966
34967
34968
34969
34970
34974
34975
34976
34977
34979
34980
34982
34984
34985
34986
34987
34988
34991
34992
34993
34995
34996
34997
34999
35000
35001
35003
35004
35005
35007
35008
35009
35013
35015
35016
35021
35026
35027
35029
35032
35033
35034
35040
35041
35042
35043
35044
35045
35046
35047
35048
35050
35051
35052
35053
35054
35055
35056
35057
35058
35060
35061
35062
35063
35064
35065
35066
35067
35068
35070
35071
35072
35073
35074
35076
35077
35078
35080
35082
35084
35085
35088
35089
35090
35091
35095
35096
35097
35098
35099
35100
35101
35102
35103
35104
35106
35107
35110
35111
35112
35113
35114
35115
35116
35117
35118
35119
35121
35122
35123
35125
35126
35127
35128
35129
35130
35132
35134
35135
35137
35138
35139
35140
35142
35146
35147
35149
35150
35151
35152
35153
35154
35155
35156
35157
35158
35160
35161
35162
35163
35166
35167
35168
35169
35170
35172
35173
35174
35176
35179
35180
35181
35184
35185
35188
35189
35190
35192
35193
35194
35195
35196
35197
35198
35199
35200
35203
35205
35206
35207
35211
35212
35213
35215
35216
35218
35219
35220
35221
35222
35223
35225
35227
35228
35229
35230
35231
35232
35234
35235
35237
35238
35239
35241
35245
35246
35248
35252
35253
35254
35256
35257
35258
35259
35260
35261
35262
35264
35265
35266
35267
35268
35270
35277
35279
35280
35281
35282
35284
35287
35288
35289
35291
35292
35293
35296
35297
35298
35299
35303
35305
35306
35308
35309
35310
35311
35312
35314
35315
35316
35319
35320
35321
35323
35324
35325
35326
35329
35330
35331
35332
35333
35334
35335
35336
35337
35339
35340
35341
35342
35343
35347
35348
35349
35351
35353
35355
35359
35362
35364
35366
35368
35369
35370
35372
35374
35375
35376
35378
35379
35380
35381
35382
35384
35385
35386
35387
35390
35393
35395
35396
35397
35398
35399
35400
35402
35404
35405
35407
35408
35410
35411
35414
35417
35418
35419
35420
35421
35422
35424
35425
35426
35427
35430
35433
35437
35438
35440
35442
35445
35452
35453
35454
35473
35475
35478
35480
35483
35485
35486
35488
35490
35491
35492
35494
35496
35498
35499
35500
35501
35503
35504
35505
35507
35509
35512
35513
35514
35522
35523
35524
35526
35527
35528
35529
35532
35533
35536
35537
35539
35540
35541
35543
35546
35547
35549
35550
35552
35553
35554
35555
35559
35560
35561
35563
35564
35565
35567
35568
35569
35571
35573
35574
35575
35576
35577
35579
35580
35583
35584
35585
35586
35588
35590
35592
35594
35595
35596
35600
35604
35609
35610
35611
35612
35614
35615
35616
35620
35621
35622
35623
35627
35635
35641
35644
35646
35647
35648
35649
35652
35653
35654
35655
35656
35660
35662
35663
35665
35669
35670
35671
35673
35674
35677
35678
35679
35680
35681
35682
35683
35684
35685
35686
35687
35688
35689
35690
35691
35693
35694
35695
35696
35698
35701
35702
35704
35705
35706
35707
35708
35709
35711
35712
35713
35715
35717
35719
35720
35724
35727
35728
35730
35731
35732
35735
35741
35742
35744
35747
35748
35749
35751
35754
35756
35757
35758
35759
35761
35762
35763
35764
35765
35766
35767
35770
35771
35773
35774
35778
35779
35780
35781
35783
35784
35785
35786
35787
35788
35789
35790
35793
35795
35796
35797
35798
35799
35800
35801
35803
35805
35808
35809
35810
35811
35812
35813
35816
35817
35818
35819
35820
35822
35824
35825
35827
35835
35837
35840
35841
35843
35845
35847
35848
35850
35851
35855
35856
35858
35859
35860
35861
35864
35865
35866
35867
35875
35877
35878
35880
35881
35882
35885
35886
35888
35889
35891
35892
35893
35894
35895
35897
35898
35899
35900
35901
35902
35904
35907
35908
35909
35910
35913
35914
35916
35918
35919
35920
35922
35923
35924
35925
35926
35927
35929
35930
35931
35932
35933
35934
35936
35938
35939
35940
35941
35942
35943
35944
35946
35949
35950
35952
35953
35954
35955
35956
35958
35959
35963
35966
35968
35969
35970
35971
35974
35975
35977
35979
35981
35984
35985
35986
35988
35991
35995
35997
35998
35999
36001
36002
36003
36004
36005
36006
36009
36010
36013
36014
36015
36016
36017
36018
36019
36020
36022
36023
36024
36025
36027
36028
36030
36031
36032
36033
36034
36035
36037
36038
36039
36040
36041
36042
36043
36044
36045
36046
36047
36048
36050
36053
36054
36056
36057
36059
36060
36061
36064
36068
36071
36072
36073
36076
36078
36080
36081
36084
36086
36087
36089
36091
36093
36098
36101
36102
36103
36104
36105
36107
36108
36109
36110
36111
36118
36121
36122
36123
36124
36125
36127
36129
36130
36131
36133
36134
36135
36136
36138
36139
36141
36142
36144
36145
36146
36150
36154
36156
36158
36159
36160
36161
36163
36170
36171
36173
36174
36176
36178
36179
36180
36183
36186
36188
36189
36190
36193
36194
36195
36196
36197
36199
36200
36201
36205
36207
36209
36210
36213
36214
36216
36217
36221
36223
36227
36232
36235
36236
36238
36239
36240
36241
36242
36243
36244
36246
36248
36250
36251
36252
36253
36255
36258
36259
36260
36262
36263
36264
36265
36266
36268
36269
36270
36271
36272
36273
36276
36277
36278
36280
36281
36282
36283
36284
36285
36286
36288
36289
36290
36292
36293
36294
36295
36297
36298
36299
36300
36301
36303
36304
36306
36307
36308
36309
36310
36311
36314
36317
36318
36319
36321
36324
36327
36328
36329
36330
36332
36333
36336
36337
36338
36339
36340
36341
36344
36346
36348
36350
36351
36354
36355
36356
36358
36360
36361
36362
36363
36364
36365
36371
36372
36373
36374
36376
36377
36379
36380
36381
36382
36383
36384
36385
36386
36387
36390
36392
36393
36395
36398
36399
36400
36401
36403
36405
36406
36409
36410
36411
36414
36415
36418
36419
36420
36421
36423
36424
36425
36426
36427
36428
36429
36430
36431
36432
36433
36434
36436
36437
36439
36440
36442
36444
36445
36447
36448
36454
36455
36459
36460
36461
36462
36463
36465
36466
36468
36469
36471
36472
36473
36479
36481
36484
36485
36486
36487
36488
36491
36492
36494
36495
36496
36497
36498
36499
36501
36504
36506
36507
36508
36509
36511
36513
36514
36515
36516
36518
36520
36521
36523
36524
36526
36527
36528
36529
36530
36531
36532
36536
36538
36539
36540
36541
36542
36543
36544
36545
36546
36547
36548
36549
36550
36551
36554
36555
36556
36560
36561
36562
36563
36564
36565
36569
36571
36573
36575
36576
36578
36580
36583
36584
36585
36586
36587
36588
36589
36590
36592
36594
36595
36597
36598
36602
36603
36604
36606
36609
36612
36613
36614
36615
36617
36619
36620
36621
36623
36625
36626
36628
36629
36632
36637
36638
36639
36641
36642
36643
36645
36648
36650
36651
36652
36653
36654
36655
36656
36658
36661
36662
36663
36664
36665
36666
36668
36670
36671
36673
36674
36675
36676
36678
36679
36680
36681
36682
36683
36685
36686
36687
36688
36689
36692
36694
36695
36696
36697
36698
36699
36702
36703
36705
36706
36713
36717
36718
36720
36722
36723
36724
36725
36726
36727
36728
36730
36731
36732
36733
36736
36740
36741
36743
36744
36746
36747
36748
36750
36753
36754
36757
36760
36762
36763
36766
36769
36773
36774
36775
36776
36778
36780
36782
36787
36789
36790
36791
36793
36794
36795
36797
36799
36801
36802
36803
36804
36808
36809
36810
36811
36813
36815
36816
36817
36819
36821
36824
36825
36826
36829
36830
36831
36832
36833
36838
36843
36844
36845
36846
36847
36848
36850
36851
36853
36854
36855
36857
36858
36859
36860
36862
36863
36864
36865
36868
36871
36874
36876
36878
36880
36881
36882
36883
36886
36887
36889
36891
36893
36896
36897
36903
36904
36905
36911
36912
36913
36914
36915
36916
36917
36918
36920
36921
36924
36926
36927
36930
36932
36933
36936
36937
36938
36939
36942
36945
36948
36950
36951
36952
36953
36954
36955
36956
36957
36959
36960
36961
36962
36963
36964
36965
36966
36967
36968
36973
36974
36975
36976
36978
36981
36984
36985
36986
36988
36989
36990
36991
36992
36993
36996
36997
36998
36999
37002
37004
37005
37006
37007
37009
37010
37012
37013
37014
37015
37016
37019
37021
37022
37025
37027
37028
37029
37030
37031
37032
37033
37035
37036
37037
37038
37039
37040
37041
37042
37043
37044
37053
37054
37055
37058
37059
37062
37063
37064
37065
37066
37068
37069
37070
37072
37075
37076
37078
37079
37080
37081
37082
37083
37084
37086
37089
37090
37095
37096
37097
37101
37102
37104
37105
37106
37108
37110
37111
37112
37113
37116
37117
37119
37121
37122
37123
37124
37128
37129
37130
37131
37132
37134
37135
37137
37138
37141
37142
37143
37144
37146
37147
37148
37149
37152
37153
37155
37156
37157
37158
37164
37165
37166
37167
37168
37170
37174
37175
37176
37177
37178
37179
37181
37182
37183
37185
37187
37188
37190
37191
37194
37195
37197
37198
37199
37200
37201
37202
37203
37204
37205
37206
37207
37209
37214
37215
37216
37217
37218
37220
37221
37222
37223
37225
37226
37228
37229
37230
37232
37233
37235
37237
37238
37239
37244
37246
37247
37248
37249
37250
37253
37254
37255
37256
37258
37259
37261
37264
37266
37268
37269
37271
37272
37274
37275
37276
37277
37280
37283
37284
37285
37286
37287
37289
37290
37292
37293
37297
37299
37300
37301
37302
37303
37304
37305
37306
37308
37314
37315
37316
37317
37319
37322
37325
37328
37330
37331
37334
37335
37336
37337
37339
37341
37342
37344
37345
37355
37356
37357
37358
37360
37363
37364
37366
37367
37368
37371
37372
37374
37375
37377
37378
37379
37381
37382
37384
37385
37386
37387
37389
37392
37393
37395
37397
37398
37399
37400
37401
37402
37403
37407
37410
37411
37412
37413
37414
37415
37416
37417
37418
37419
37420
37422
37427
37428
37429
37430
37431
37433
37434
37435
37439
37440
37444
37446
37447
37449
37450
37451
37453
37455
37456
37458
37461
37462
37464
37465
37466
37467
37468
37471
37472
37473
37475
37476
37478
37480
37481
37482
37486
37487
37488
37492
37493
37496
37497
37500
37502
37510
37511
37513
37514
37516
37517
37518
37519
37520
37521
37523
37524
37526
37527
37528
37531
37532
37534
37535
37536
37537
37542
37544
37546
37547
37548
37549
37552
37554
37555
37556
37557
37559
37560
37561
37562
37564
37565
37569
37570
37571
37573
37574
37575
37576
37577
37578
37579
37580
37581
37586
37587
37589
37590
37591
37596
37597
37598
37599
37601
37602
37603
37608
37613
37614
37617
37618
37619
37621
37624
37626
37627
37628
37629
37631
37633
37635
37636
37637
37639
37643
37646
37648
37654
37655
37657
37659
37661
37662
37663
37664
37668
37671
37673
37674
37675
37681
37682
37683
37684
37685
37687
37688
37689
37690
37692
37696
37698
37699
37701
37702
37703
37704
37705
37706
37707
37709
37711
37713
37716
3771728
3771740
3771770
3771790
3771797
3771806
3771814
3771824
3771836
3771858
3771867
3771868
3771877
3771881
3771882
3771890
3771894
37719
3771903
3771905
3771907
3771915
3771918
3771927
3771934
3771949
3771951
3771966
3771968
3771974
3771995
37720
3772007
3772012
3772015
3772021
3772028
3772037
3772048
3772064
3772068
3772069
3772072
3772082
3772091
37721
3772101
3772102
3772109
3772114
3772126
3772130
3772165
3772175
3772178
3772180
3772183
3772186
3772187
3772192
3772195
3772202
3772221
3772227
3772228
3772232
3772247
3772265
3772266
3772279
3772280
37723
3772305
3772327
3772329
3772330
3772331
3772337
3772339
3772349
3772376
3772382
3772383
3772392
3772395
3772396
37724
3772408
3772409
3772415
3772428
3772456
3772462
3772471
3772474
3772477
37725
3772505
3772520
3772527
3772530
3772544
3772547
3772550
3772551
3772552
3772559
3772560
3772566
3772567
3772570
3772576
3772597
3772628
3772633
3772634
3772636
3772641
3772646
3772658
3772666
3772670
3772677
3772678
3772683
3772686
37727
3772712
3772715
37728
37729
37730
37731
37732
37733
37734
37739
37741
37742
37743
37744
37746
37748
37749
37751
37754
37755
37756
37757
37759
37760
37761
37762
37763
37767
37769
37770
37774
37776
37778
37780
37781
37782
37783
37784
37785
37787
37788
37789
37790
37791
37792
37793
37795
37798
37800
37801
37803
37804
37805
37806
37807
37808
37810
37811
37814
37815
37817
37818
37820
37822
37823
37824
37825
37830
37831
37832
37833
37834
37836
37837
37838
37839
37840
37841
37842
37843
37844
37846
37849
37850
37851
37852
37853
37854
37855
37856
37857
37858
37859
37860
37861
37864
37866
37867
37871
37872
37873
37874
37876
37879
37881
37882
37884
37886
37887
37888
37889
37890
37893
37894
37897
37900
37901
37902
37905
37909
37911
37912
37914
37916
37918
37919
37922
37924
37925
37926
37927
37929
37930
37931
37932
37933
37934
37935
37936
37937
37938
37941
37942
37943
37944
37945
37946
37947
37948
37949
37950
37954
37956
37957
37959
37960
37961
37962
37964
37965
37966
37967
37970
37971
37972
37973
37977
37978
37979
37981
37982
37985
37986
37987
37988
37989
37990
37992
37994
37995
37996
37997
37998
37999
38001
38002
38003
38004
38005
38007
38009
38012
38013
38015
38016
38017
38019
38020
38021
38022
38023
38027
38028
38029
38032
38033
38034
38037
38044
38045
38046
38047
38050
38055
38056
38057
38058
38059
38060
38062
38063
38065
38066
38067
38068
38070
38071
38072
38073
38074
38075
38076
38077
38078
38079
38081
38082
38083
38085
38086
38087
38088
38089
38090
38091
38093
38094
38095
38096
38097
38098
38099
38100
38101
38103
38104
38106
38109
38113
38116
38121
38122
38124
38125
38127
38128
38131
38134
38135
38136
38137
38141
38144
38145
38146
38147
38148
38149
38150
38151
38152
38153
38154
38155
38156
38159
38160
38161
38164
38165
38167
38168
38169
38170
38173
38174
38175
38176
38177
38178
38180
38182
38184
38185
38186
38192
38193
38194
38195
38196
38197
38198
38199
38202
38203
38204
38205
38206
38207
38208
38209
38211
38216
38217
38218
38219
38221
38223
38224
38226
38228
38229
38230
38231
38232
38233
38238
38240
38241
38242
38243
38244
38246
38248
38249
38254
38256
38257
38258
38259
38261
38262
38263
38264
38273
38274
38277
38281
38282
38283
38286
38287
38288
38290
38291
38292
38294
38295
38296
38298
38300
38301
38302
38303
38304
38306
38315
38321
38322
38323
38324
38326
38327
38328
38330
38332
38337
38338
38340
38341
38342
38344
38345
38346
38347
38350
38352
38355
38360
38362
38363
38364
38365
38367
38369
38372
38375
38376
38378
38379
38381
38385
38386
38388
38389
38391
38395
38396
38397
38398
38399
38400
38402
38404
38406
38407
38411
38412
38413
38414
38415
38418
38420
38421
38422
38424
38427
38428
38432
38433
38435
38436
38437
38438
38443
38444
38446
38447
38448
38451
38452
38454
38455
38456
38457
38459
38462
38463
38464
38466
38469
38470
38471
38472
38473
38477
38478
38480
38484
38485
38486
38487
38488
38489
38490
38491
38492
38493
38494
38495
38499
38500
38501
38502
38503
38504
38505
38508
38510
38511
38513
38515
38516
38518
38519
38520
38521
38522
38526
38527
38528
38529
38530
38531
38534
38535
38539
38540
38541
38542
38543
38545
38547
38548
38549
38552
38553
38554
38556
38557
38558
38559
38565
38571
38574
38576
38578
38580
38581
38582
38583
38586
38587
38590
38591
38593
38594
38596
38597
38598
38599
38600
38601
38602
38603
38604
38605
38610
38611
38612
38613
38614
38615
38616
38619
38620
38623
38624
38628
38629
38630
38631
38634
38635
38637
38638
38639
38640
38643
38644
38645
38646
38647
38648
38649
38652
38653
38654
38655
38656
38657
38658
38660
38661
38664
38666
38668
38669
38674
38675
38677
38680
38682
38683
38684
38685
38688
38692
38693
38694
38695
38696
38698
38700
38701
38702
38703
38707
38708
38710
38713
38714
38716
38717
38718
38719
38720
38721
38722
38723
38724
38726
38727
38728
38730
38732
38733
38734
38735
38736
38738
38740
38741
38742
38743
38746
38747
38748
38749
38750
38751
38752
38753
38754
38755
38756
38757
38758
38760
38762
38763
38765
38766
38768
38769
38772
38773
38775
38779
38782
38785
38786
38788
38791
38792
38793
38794
38795
38796
38797
38798
38799
38800
38801
38806
38807
38808
38809
38810
38811
38812
38813
38814
38815
38816
38817
38818
38819
38820
38821
38823
38824
38828
38829
38830
38831
38835
38836
38838
38840
38842
38843
38844
38845
38846
38847
38849
38850
38852
3885565
3885584
3885589
3885598
3885603
3885612
3885627
3885637
3885647
3885654
3885660
38858
38859
38863
38864
38865
38870
38871
38872
38873
38876
38878
38879
38880
38881
38883
38884
38887
38888
38889
38890
38891
38895
38897
38898
38900
38905
38909
38911
38912
38913
38914
38915
38916
38918
38919
38921
38922
38923
38928
38930
38931
38932
38934
38936
38937
38940
38941
38942
38944
38945
38946
38953
38955
38956
38957
38958
38959
38961
38963
38964
38966
38968
38969
38970
38971
38972
38973
38974
38975
38976
38978
38981
38982
38983
38984
38985
38986
38987
38988
38989
38990
38993
38994
38995
38997
38998
38999
39001
39002
39003
39004
39005
39007
39008
39010
39012
39013
39014
39015
39017
39018
39020
39023
39024
39026
39027
39028
39031
39032
39033
39034
39035
39036
39037
39038
39039
39040
39041
39043
39044
39048
39049
39050
39051
39052
39054
39055
39056
39057
39062
39063
39064
39065
39067
39071
39074
39075
39076
39077
39078
39079
39081
39083
39084
39085
39086
39088
39089
39090
39091
39092
39093
39094
39095
39097
39098
39099
39102
39103
39104
39105
39106
39108
39114
39115
39116
39118
39119
39122
39123
39125
39129
39130
39131
39132
39133
39135
39136
39138
39141
39142
39143
39144
39145
39147
39148
39149
39150
39151
39152
39153
39156
39157
39158
39159
39160
39161
39164
39165
39166
39167
39168
39169
39172
39173
39174
39175
39180
39186
39188
39189
39191
39193
39194
39195
39198
39201
39202
39203
39205
39207
39208
39210
39212
39213
39214
39217
39218
39219
39220
39221
39222
39224
39225
39227
39228
39233
39234
39237
39238
39240
39241
39242
39243
39244
39246
39250
39251
39252
39253
39254
39255
39257
39258
39259
39262
39264
39265
39266
39267
39268
39269
39270
39271
39272
39274
39275
39277
39278
39279
39284
39288
39289
39293
39297
39301
39302
39304
39306
39309
39310
39313
39314
39315
39316
39317
39319
39320
39326
39327
39329
39331
39332
39335
39338
39339
39340
39343
39344
39345
39349
39351
39354
39355
39356
39357
39359
39360
39364
39365
39366
39368
39369
39373
39374
39375
39376
39377
39381
39382
39383
39385
39386
39387
39389
39390
39391
39392
39394
39397
39399
39400
39402
39403
39404
39405
39406
39408
39409
39410
39411
39413
39414
39415
39417
39418
39419
39420
39421
39423
39424
39425
39426
39428
39429
39430
39431
39432
39433
39434
39435
39436
39437
39438
39439
39440
39441
39443
39444
39445
39448
39450
39452
39453
39454
39455
39456
39457
39458
39459
39460
39462
39463
39464
39465
39467
39470
39475
39476
39478
39479
39480
39481
39483
39484
39485
39490
39491
39493
39494
39495
39496
39497
39500
39501
39504
39505
39507
39508
39509
39513
39514
39517
39518
39520
39521
39522
39523
39524
39525
39527
39529
39530
39531
39533
39535
39536
39537
39540
39542
39543
39545
39546
39547
39548
39549
39550
39551
39552
39554
39557
39558
39560
39561
39564
39566
39567
39569
39570
39571
39572
39573
39574
39577
39580
39581
39582
39583
39585
39587
39588
39592
39593
39594
39596
39599
39600
39602
39603
39604
39610
39611
39612
39613
39615
39616
39617
39619
39620
39621
39624
39625
39626
39627
39628
39629
39630
39636
39637
39643
39644
39645
39646
39647
39648
39650
39651
39653
39654
39655
39656
39657
39659
39663
39666
39669
39672
39673
39675
39676
39677
39679
39682
39683
39685
39686
39687
39688
39689
39690
39691
39694
39695
39697
39703
39706
39712
39717
39720
39721
39722
39725
39726
39727
39730
39733
39735
39736
39737
39740
39742
39744
39745
39746
39747
39748
39749
39750
39751
39753
39756
39757
39758
39759
39760
39761
39763
39764
39765
39766
39768
39769
39770
39771
39772
39773
39774
39775
39776
39777
39780
39782
39784
39785
39786
39787
39788
39790
39791
39792
39793
39795
39796
39797
39798
39801
39802
39804
39808
39810
39811
39812
39813
39814
39818
39819
39820
39821
39824
39826
39827
39829
39831
39833
39834
39835
39836
39840
39842
39843
39844
39845
39846
39847
39849
39850
39855
39856
39858
39860
39861
39862
39863
39864
39866
39867
39871
39873
39874
39875
39876
39877
39878
39879
39881
39882
39883
39884
39885
39886
39887
39888
39889
39894
39895
39896
39897
39899
39900
39902
39903
39904
39905
39906
39907
39908
39909
39914
39915
39916
39917
39918
39919
39922
39924
39926
39929
39933
39934
39935
39936
39937
39938
39939
39940
39941
39943
39944
39945
39950
39951
39952
39953
39954
39955
39956
39957
39958
39959
39960
39961
39962
39964
39965
39969
39970
39972
39974
39976
39978
39979
39981
39982
39985
39986
39987
39988
39989
39992
39995
39996
39997
39999
40000
40001
40002
40003
40004
40005
40008
40009
40010
40011
40012
40013
40014
40015
40016
40017
40020
40021
40029
40030
40031
40032
40033
40034
40035
40036
40037
40040
40042
40043
40044
40045
40046
40047
40048
40049
40051
40052
40053
40054
40055
40056
40059
40060
40061
40062
40063
40064
40069
40071
40073
40074
40079
40081
40083
40084
40085
40086
40087
40090
40092
40093
40094
40095
40096
40097
40101
40102
40104
40105
40111
40112
40113
40114
40115
40116
40120
40121
40122
40124
40126
40127
40128
40129
40131
40132
40133
40134
40135
40136
40137
40138
40140
40141
40142
40143
40144
40145
40146
40147
40148
40149
40150
40152
40153
40154
40155
40156
40157
40158
40159
40160
40162
40163
40164
40165
40167
40168
40169
40170
40171
40172
40173
40174
40176
40177
40178
40179
40181
40183
40185
40186
40187
40188
40189
40190
40191
40192
40193
40195
40196
40201
40202
40203
40204
40205
40207
40210
40211
40212
40213
40214
40217
40218
40220
40221
40222
40224
40225
40226
40228
40229
40231
40232
40233
40234
40235
40239
40240
40241
40242
40245
40246
40247
40248
40249
40252
40255
40256
40257
40259
40260
40263
40265
40268
40270
40271
40272
40273
40275
40276
40279
40280
40282
40283
40285
40287
40288
40291
40292
40294
40295
40296
40297
40298
40299
40300
40302
40303
40304
40305
40307
40308
40309
40310
40313
40314
40316
40321
40323
40325
40326
40327
40330
40331
40332
40336
40339
40340
40341
40342
40343
40345
40346
40347
40348
40349
40351
40354
40355
40356
40358
40359
40360
40361
40363
40367
40369
40370
40372
40373
40374
40375
40376
40377
40378
40382
40384
40385
40386
40388
40389
40390
40391
40392
40393
40394
40395
40398
40402
40403
40404
40406
40408
40409
40410
40411
40412
40414
40415
40416
40417
40418
40420
40421
40424
40428
40429
40430
40431
40432
40433
40434
40435
40436
40437
40438
40439
40443
40444
40448
40449
40451
40453
40456
40457
40458
40459
40461
40462
40464
40467
40468
40469
40471
40474
40475
40477
40481
40482
40483
40484
40485
40487
40488
40489
40490
40495
40497
40502
40504
40505
40506
40507
40508
40509
40510
40512
40513
40514
40515
40517
40521
40522
40524
40527
40529
40530
40532
40534
40535
40537
40538
40540
40541
40542
40543
40544
40545
40546
40548
40549
40551
40552
40553
40554
40557
40558
40559
40560
40562
40563
40564
40565
40567
40568
40569
40574
40575
40576
40577
40578
40579
40580
40581
40582
40583
40587
40588
40589
40590
40593
40594
40595
40596
40598
40599
40600
40602
40603
40605
40606
40607
40608
40610
40613
40615
40616
40617
40618
40619
40620
40621
40622
40623
40624
40626
40627
40628
40630
40632
40633
40637
40638
40639
40640
40642
40643
40644
40650
40653
40654
40655
40656
40657
40659
40660
40661
40663
40664
40665
40666
40669
40671
40672
40673
40675
40676
40677
40678
40679
40680
40681
40682
40683
40684
40687
40689
40690
40691
40692
40693
40694
40695
40696
40697
40698
40699
40700
40701
40702
40704
40706
40707
40708
40709
40710
40711
40712
40713
40714
40715
40716
40717
40718
40719
40720
40722
40723
40724
40725
40728
40732
40733
40739
40740
40741
40743
40744
40745
40749
40751
40752
40755
40760
40762
40764
40767
40770
40771
40779
40780
40781
40783
40785
40787
40789
40790
40791
40792
40793
40794
40795
40796
40798
40800
40803
40804
40805
40806
40807
40810
40811
40812
40813
40814
40815
40817
40819
40820
40821
40822
40824
40825
40826
40828
40830
40831
40832
40833
40834
40835
40837
40839
40841
40842
40843
40844
40846
40847
40848
40849
40850
40851
40852
40856
40857
40858
40859
40860
40861
40862
40863
40864
40865
40866
40868
40869
40870
40871
40872
40875
40876
40877
40879
40886
40887
40888
40889
40891
40893
40894
40897
40898
40900
40901
40903
40904
40905
40907
40908
40909
40913
40916
40918
40919
40920
40921
40922
40925
40929
40932
40933
40934
40935
40937
40938
40940
40941
40942
40945
40946
40948
40949
40950
40952
40953
40956
40957
40958
40959
40960
40961
40962
40963
40965
40966
40967
40970
40972
40973
40975
40976
40977
40979
40980
40982
40983
40984
40986
40987
40989
40990
40991
40992
40993
40996
40997
40998
40999
41000
41001
41009
41013
41014
41020
41021
41022
41023
41025
41026
41027
41028
41029
41030
41031
41032
41034
41035
41036
41037
41038
41039
41040
41041
41042
41044
41045
41046
41047
41052
41054
41055
41056
41057
41058
41059
41060
41062
41066
41067
41068
41069
41071
41072
41073
41078
41079
41080
41082
41084
41085
41086
41087
41089
41090
41091
41094
41095
41096
41097
41100
41102
41103
41104
41105
41107
41108
41109
41112
41113
41114
41116
41117
41118
41120
41121
41122
41124
41125
41126
41132
41133
41134
41135
41136
41137
41138
41139
41140
41143
41144
41145
41147
41149
41150
41151
41152
41153
41154
41155
41156
41157
41158
41159
41160
41161
41162
41164
41165
41166
41167
41168
41173
41174
41176
41177
41179
41180
41181
41182
41183
41184
41185
41187
41189
41190
41192
41193
41194
41195
41197
41198
41199
41200
41202
41203
41205
41207
41209
41210
41212
41214
41215
41217
41219
41222
41225
41226
41227
41229
41230
41231
41232
41235
41239
41242
41244
41247
41248
41250
41252
41253
41254
41256
41259
41260
41261
41262
41263
41264
41265
41266
41268
41269
41270
41273
41274
41275
41279
41281
41282
41283
41284
41286
41288
41289
41290
41291
41293
41294
41295
41296
41298
41302
41303
41304
41305
41306
41307
41309
41310
41311
41313
41316
41317
41318
41319
41320
41321
41324
41339
41340
41341
41342
41343
41344
41345
41346
41347
41348
41349
41350
41351
41353
41354
41357
41358
41359
41360
41361
41363
41364
41365
41366
41367
41370
41372
41373
41374
41376
41377
41379
41381
41383
41384
41387
41388
41389
41390
41391
41392
41393
41394
41395
41396
41397
41398
41399
41401
41403
41404
41406
41407
41408
41409
41411
41412
41413
41414
41417
41419
41420
41423
41425
41427
41428
41431
41432
41433
41434
41436
41437
41438
41441
41443
41445
41446
41447
41448
41450
41454
41455
41456
41457
41458
41459
41460
41461
41465
41467
41469
41470
41472
41473
41474
41475
41479
41480
41481
41483
41484
41489
41490
41491
41493
41498
41499
41502
41503
41511
41518
41520
41522
41524
41528
41529
41531
41532
41533
41537
41540
41543
41547
41549
41550
41551
41552
41557
41559
41560
41561
41562
41565
41566
41567
41569
41570
41571
41573
41575
41578
41579
41580
41581
41583
41585
41586
41587
41589
41590
41591
41592
41593
41595
41597
41598
41599
41600
41601
41602
41605
41607
41609
41610
41611
41612
41615
41616
41620
41621
41622
41623
41625
41626
41627
41628
41629
41631
41633
41634
41635
41636
41638
41639
41641
41642
41643
41644
41646
41647
41650
41651
41652
41656
41657
41660
41661
41662
41663
41665
41666
41668
41670
41671
41672
41673
41674
41675
41676
41677
41679
41686
41688
41689
41690
41693
41694
41695
41697
41698
41699
41700
41701
41702
41703
41704
41706
41707
41708
41709
41712
41713
41716
41717
41718
41719
41720
41721
41722
41724
41725
41726
41728
41729
41730
41733
41734
41737
41738
41739
41740
41742
41743
41744
41745
41746
41747
41748
41749
41756
41757
41758
41760
41761
41762
41766
41767
41768
41770
41771
41772
41773
41774
41775
41776
41778
41780
41783
41785
41788
41789
41795
41798
41800
41801
41802
41803
41804
41805
41807
41809
41810
41816
41817
41820
41822
41823
41824
41826
41829
41830
41831
41832
41833
41834
41835
41836
41837
41839
41840
41842
41843
41844
41845
41846
41847
41848
41849
41850
41852
41853
41854
41855
41858
41859
41860
41861
41862
41863
41864
41866
41867
41868
41869
41870
41871
41872
41873
41875
41876
41877
41879
41880
41883
41884
41885
41887
41888
41889
41890
41891
41894
41896
41899
41902
41903
41904
41906
41907
41911
41912
41914
41917
41919
41920
41921
41922
41925
41926
41930
41931
41932
41935
41936
41937
41938
41939
41940
41941
41942
41943
41944
41945
41949
41952
41955
41957
41958
41959
41961
41963
41964
41965
41967
41968
41971
41972
41973
41975
41981
41982
41983
41984
41985
41988
41989
41990
41991
41992
41993
41994
41995
41996
41997
42000
42001
42002
42003
42004
42005
42006
42008
42015
42018
42020
42022
42024
42025
42026
42027
42028
42029
42031
42032
42034
42037
42041
42043
42045
42046
42047
42048
42049
42050
42051
42053
42056
42057
42058
42059
42060
42062
42063
42064
42065
42066
42069
42070
42072
42075
42076
42077
42079
42082
42086
42087
42089
42091
42092
42093
42094
42095
42097
42098
42100
42105
42106
42109
42110
42115
42117
42121
42122
42123
42124
42126
42127
42128
42129
42130
42131
42132
42139
42140
42141
42142
42143
42144
42145
42146
42148
42150
42158
42160
42161
42162
42164
42166
42169
42171
42172
42173
42174
42175
42176
42177
42182
42183
42184
42185
42186
42187
42188
42189
42191
42192
42194
42196
42197
42199
42202
42204
42206
42207
42208
42209
42210
42211
42212
42213
42215
42216
42218
42221
42226
42228
42233
42235
42236
42237
42239
42240
42242
42246
42249
42250
42251
42252
42253
42256
42260
42261
42265
42266
42267
42268
42269
42272
42273
42274
42279
42284
42285
42286
42289
42290
42291
42292
42293
42294
42296
42297
42298
42299
42300
42301
42302
42303
42305
42306
42307
42309
42310
42313
42314
42316
42320
42322
42324
42327
42328
42333
42339
42340
42341
42342
42343
42348
42350
42351
42352
42353
42354
42356
42357
42358
42362
42363
42364
42366
42367
42369
42370
42371
42373
42375
42379
42380
42382
42385
42386
42387
42389
42390
42391
42392
42393
42394
42396
42397
42398
42399
42400
42402
42409
42410
42412
42413
42414
42415
42421
42422
42423
42424
42425
42426
42428
42431
42433
42434
42435
42437
42438
42439
42440
42443
42444
42445
42446
42447
42449
42450
42451
42453
42456
42457
42460
42462
42463
42464
42465
42466
42467
42468
42469
42470
42473
42477
42478
42481
42484
42485
42490
42491
42492
42493
42494
42495
42496
42497
42498
42499
42500
42501
42502
42503
42504
42505
42507
42508
42509
42510
42512
42514
42515
42516
42517
42518
42519
42520
42521
42522
42524
42525
42526
42527
42528
42529
42531
42536
42537
42540
42541
42542
42543
42544
42545
42547
42549
42550
42551
42553
42554
42560
42561
42562
42564
42567
42571
42572
42573
42574
42576
42577
42578
42579
42580
42581
42585
42586
42587
42588
42590
42591
42593
42594
42595
42596
42599
42600
42601
42602
42608
42609
42610
42613
42614
42615
42616
42617
42618
42619
42620
42621
42622
42624
42626
42627
42632
42633
42634
42635
42636
42637
42638
42641
42642
42643
42644
42645
42646
42647
42648
42649
42650
42651
42652
42653
42656
42657
42658
42659
42661
42662
42663
42664
42665
42668
42669
42671
42672
42676
42678
42679
42680
42681
42682
42683
42684
42686
42687
42689
42690
42693
42694
42695
42696
42697
42702
42703
42705
42706
42707
42708
42709
42710
42715
42716
42717
42719
42721
42726
42728
42729
42730
42731
42732
42733
42734
42735
42736
42737
42738
42740
42742
42743
42745
42748
42749
42750
42752
42753
42754
42756
42757
42758
42759
42761
42764
42766
42770
42772
42773
42777
42778
42781
42783
42784
42787
42788
42789
42791
42793
42794
42796
42797
42798
42799
42801
42802
42803
42804
42805
42806
42807
42808
42809
42810
42811
42812
42814
42816
42817
42819
42820
42821
42822
42823
42824
42825
42826
42828
42829
42830
42831
42832
42833
42834
42835
42836
42838
42839
42840
42841
42842
42843
42844
42845
42846
42848
42849
42850
42852
42853
42854
42855
42857
42858
42860
42862
42863
42864
42866
42867
42869
42870
42871
42874
42875
42876
42880
42881
42882
42883
42885
42888
42889
42890
42891
42892
42896
42897
42898
42899
42900
42901
42903
42904
42905
42906
42907
42911
42912
42913
42915
42918
42919
42920
42921
42922
42923
42924
42925
42926
42927
42928
42930
42931
42933
42934
42935
42936
42937
42939
42940
42941
42942
42943
42944
42945
42946
42948
42951
42952
42953
42954
42956
42957
42958
42960
42961
42962
42963
42964
42969
42970
42971
42972
42975
42979
42981
42982
42983
42984
42985
42986
42987
42990
42991
42993
42994
42995
42996
42998
42999
43000
43002
43003
43004
43005
43006
43007
43008
43009
43010
43011
43012
43015
43016
43017
43018
43020
43023
43026
43029
43031
43034
43035
43036
43038
43039
43040
43041
43042
43043
43046
43050
43051
43052
43053
43056
43057
43059
43061
43063
43067
43069
43070
43072
43077
43078
43079
43080
43083
43084
43085
43086
43087
43088
43091
43092
43093
43095
43096
43098
43099
43101
43102
43103
43104
43105
43110
43112
43113
43114
43115
43117
43120
43122
43124
43125
43126
43127
43128
43130
43132
43134
43136
43142
43145
43146
43149
43150
43151
43152
43153
43156
43157
43158
43159
43160
43161
43162
43163
43164
43165
43166
43167
43169
43170
43171
43174
43176
43177
43179
43180
43183
43185
43186
43189
43190
43192
43193
43196
43197
43200
43202
43203
43206
43207
43208
43210
43212
43214
43215
43216
43217
43221
43222
43223
43227
43228
43229
43230
43231
43232
43233
43234
43235
43236
43238
43239
43240
43241
43242
43243
43245
43246
43250
43251
43253
43256
43259
43261
43265
43266
43267
43269
43270
43273
43275
43276
43277
43278
43279
43281
43282
43283
43284
43287
43288
43290
43291
43292
43293
43294
43295
43298
43300
43306
43307
43308
43310
43311
43312
43314
43315
43316
43318
43319
43321
43323
43324
43325
43327
43330
43331
43332
43333
43334
43342
43343
43344
43345
43348
43349
43350
43351
43352
43353
43354
43356
43357
43358
43359
43362
43367
43369
43373
43374
43375
43377
43378
43379
43383
43384
43385
43386
43387
43389
43390
43392
43393
43396
43397
43398
43399
43400
43401
43402
43404
43410
43412
43414
43415
43417
43423
43424
43425
43426
43427
43428
43431
43433
43434
43435
43437
43438
43439
43440
43441
43442
43443
43446
43447
43448
43449
43450
43453
43457
43459
43460
43461
43462
43466
43467
43469
43474
43475
43476
43477
43481
43482
43484
43487
43488
43490
43491
43493
43494
43495
43496
43499
43500
43502
43503
43505
43506
43507
43508
43511
43513
43514
43515
43516
43517
43518
43521
43523
43526
43528
43529
43530
43531
43532
43533
43535
43538
43539
43541
43542
43543
43544
43546
43547
43548
43549
43550
43551
43554
43555
43556
43557
43558
43559
43560
43562
43565
43566
43567
43568
43569
43570
43571
43572
43573
43575
43576
43577
43578
43579
43580
43581
43582
43583
43584
43585
43587
43588
43589
43590
43591
43592
43594
43595
43596
43601
43603
43604
43609
43611
43612
43616
43617
43618
43620
43621
43622
43628
43630
43633
43635
43637
43639
43642
43644
43645
43648
43650
43651
43652
43654
43655
43656
43657
43658
43659
43660
43662
43664
43665
43668
43670
43672
43673
43679
43681
43682
43683
43687
43688
43689
43690
43691
43692
43693
43694
43696
43697
43698
43699
43700
43703
43709
43710
43713
43714
43715
43716
43717
43718
43719
43720
43721
43723
43724
43725
43726
43727
43728
43729
43730
43734
43736
43737
43739
43740
43741
43743
43745
43747
43749
43750
43751
43755
43756
43757
43758
43761
43762
43764
43765
43766
43767
43768
43769
43770
43771
43772
43775
43777
43780
43782
43783
43785
43786
43787
43788
43789
43791
43792
43793
43794
43795
43796
43797
43798
4379834
4379844
4379851
4379854
4379860
4379861
4379864
4379884
4379887
4379890
43799
4379919
43800
43803
43804
43806
43808
43809
43811
43812
43814
43816
43819
43820
43823
43825
43826
43827
43828
43829
43830
43831
43832
43833
43835
43836
43838
43839
43841
43842
43843
43844
43852
43856
43862
43864
43867
43869
43872
43873
43875
43892
43895
43900
43901
43904
43905
43906
43912
43913
43916
43924
43926
43927
43928
43930
43936
43938
43943
43944
43946
43950
43951
43952
43958
43974
43978
43981
43982
43984
43990
43991
43997
43999
44000
44001
44005
44006
44007
44008
44010
44011
44013
44014
44018
44021
44027
44029
44030
44039
44046
44052
44054
44058
44059
44071
44072
44079
44086
44087
44095
44096
44097
44098
44100
44108
44110
44111
44115
44117
44118
44125
44127
44129
44131
44132
44135
44148
44149
44150
44154
44155
44160
44172
44173
44183
44205
44207
44226
44228
44233
44235
44238
44250
44251
44254
44258
44259
44260
44261
44263
44266
44269
44271
44272
44274
44275
44276
44279
44289
44291
44297
44307
44315
44317
44326
44339
44353
44355
44359
44360
44380
44390
44391
44392
44409
44432
44433
44437
44438
44441
44446
44448
44451
44481
44482
44483
44496
44497
44498
44505
44510
44513
44522
44531
44540
44543
44544
44548
44554
44573
44632
44637
44642
44643
44653
44668
44669
44672
44679
44701
44702
44703
44724
44728
44736
44747
44748
44750
44783
44785
44786
44790
44791
44793
44801
44811
44817
44819
44830
44835
44839
44843
44848
44849
44851
44855
44856
44858
44861
44870
44873
44879
44885
44887
44889
44900
44910
44913
44915
44920
44921
44936
44965
44978
45012
45021
45031
45039
45040
45041
45064
45233
45234
45247
45249
45250
45268
45269
45278
45280
45285
45307
45318
45320
45325
45326
45328
45329
45338
45339
45343
45360
45368
45374
45380
45382
45396
45398
45399
45401
45432
45460
45467
45510
45524
45525
45574
45577
45588
45655
45668
45680
45682
45683
45707
45739
45757
45775
45780
45783
45784
45785
45786
45815
45816
45821
45826
45827
45830
45840
45845
45848
45871
45875
45879
45880
45881
45883
45884
45894
45906
45908
45922
45928
45931
45959
45960
45961
45969
45970
45973
45976
45994
46000
46006
46008
46015
46017
46020
46027
46032
46035
46038
46040
46058
46059
46066
46068
46069
46074
46078
46080
46085
46091
46121
46140
46156
46158
46187
46194
46201
46234
46243
46246
46260
46326
46386
46391
46415
46456
46662
46717
46719
46813
47065
47080
47082
47091
47121
47137
47141
47173
47186
47208
47216
47218
47219
47220
47249
47251
47272
47283
47285
47384
47396
47399
47408
47457
47594
47611
47718
47729
47757
47762
47763
47764
47765
47767
47769
47781
47852
47854
47869
47873
47874
47877
47878
47894
47895
47900
47905
47906
47942
47954
47998
48071
48224
48228
48239
48281
48309
48311
48312
48316
48317
48335
48336
48337
48338
48339
48340
48343
48373
48387
48421
48422
48440
48445
48448
48450
48481
48531
48532
48535
48539
48552
48571
48572
48581
48582
48583
48632
48772
48775
48782
48785
48805
48844
48903
48971
48973
48986
49045
49070
49077
49080
49090
49140
49165
49168
49228
49241
49260
49297
49424
49425
49427
49505
49580
49636
49638
49701
49713
49780
49803
49804
49805
49806
49808
49809
49816
49821
49847
49892
49893
49895
49952
49953
49968
49992
49997
50002
50003
50007
50022
50026
50032
50050
50055
50070
50073
50075
50082
50101
50105
50123
50124
50126
50133
50143
50147
50149
50157
50160
50169
50170
50178
50190
50196
50202
50205
50206
50208
50209
50216
50225
50227
50236
50246
50250
50251
50252
50259
50270
50281
50285
50286
50287
50289
50296
50300
50302
50310
50315
50320
50323
50350
50356
50363
50365
50366
50373
50374
50378
50379
50391
50392
50396
50403
50415
50417
50428
50432
50433
50437
50441
50442
50446
50454
50456
50457
50463
50466
50467
53425
53428
53431
53432
53433
53435
53436
53437
53438
53439
53442
53443
53444
53445
53446
53448
53471
53472
53473
53502
53504
53507
53510
53513
53515
53516
53523
53541
53542
53546
53547
53554
53556
53557
53558
53560
53561
53562
53563
53564
53565
53566
53567
53569
53573
53577
53578
53579
53580
53581
53584
53585
53586
5656885
5740108
5740113
5740131
5740176
5740185
5740203
5740204
5740222
5740226
5740252
5740271
5740279
5740294
5740303
5740310
5740316
5740318
5740320
5740323
5740347
5740349
5740359
5740362
5740407
5740408
5740414
5740446
5740457
5740462
5740505
5740513
5740528
5740544
5740547
5740577
5740590
5740592
5740597
5740599
5740629
5740660
5740664
5740668
5740700
5740715
5740746
5740788
5740790
5740812
5740816
5740846
5740853
5740866
5740879
59128
59137
59141
59145
59150
59157
59158
59159
59163
59164
59167
59171
59172
59173
59176
59177
59178
59215
59216
59227
59239
59240
59246
59247
59260
59261
64872
64874
64875
64877
64880
7354371
7354376
7354381
7354398
7354399
7354403
7354404
7354424
7354429
7354433
7354437
7354465
7354466
7354473
8673992
8673993
8674000
8674016
8674019
8674021
8674026
8674044
8674049
8674055
8674056
8674064
8674077
8674084
8674091
8674096
8674098
8674114
8674119
