10178782
10178784
10178787
10178792
10178796
10178797
10178806
10178809
10178812
10178816
10178820
10178822
10178824
10178825
10178831
10178832
10178839
10178840
10178846
10178851
10178852
10178853
10178857
10178859
10178861
10178866
10178870
10178873
10178875
10178877
10178880
10178888
10178890
10178891
10178894
10178897
10178898
10178899
10178900
10178901
10178905
10178908
10178909
10178910
10178913
10178916
10178923
10178926
10178927
10178929
10178932
10178933
10178934
10178935
10178939
10178941
10178945
10178946
10178948
10178950
10178954
10178957
10178958
10178960
10178961
117294
117300
117327
117331
117332
117336
117338
117339
117342
117343
117344
117345
117346
117347
117348
117349
117353
117361
117364
117365
117366
117368
117369
117406
117407
117414
117419
117459
117460
117461
117462
117463
117464
117467
117470
117471
117472
117473
117475
117476
117477
117479
117480
117481
117484
117485
117486
117487
117488
117492
117496
117498
117499
117500
117501
117503
118436
12797860
12797866
12797876
12797888
12797890
12797894
12797895
12797901
12797902
12797912
12797916
12797919
12797926
12797937
12797949
12797953
12797977
12797978
12797979
12797990
12797992
12797997
12798001
12798044
12798047
12798054
12798056
12798058
12798080
12798106
12798107
12798119
12798122
12798138
12798140
12798145
12798151
12798152
12798159
12798172
12798184
12798198
12798207
12798214
12798218
12798230
12798232
12798240
12798242
12798252
12798253
12798254
12798257
12798270
12798272
12798275
12798276
12798278
12798279
12798281
12798282
12798292
12798297
12798298
12798305
12798309
12798317
12798323
12798325
12798326
12798327
12798329
12798330
12798331
12798334
12798338
12798339
12798341
12798343
12798347
12798350
12798363
12798364
12798365
12798369
12798372
12798381
12798390
12798391
12798393
12798394
12798408
12798413
12798414
12798419
12798420
12798422
12798425
12798436
12798437
12798438
12798442
12798445
12798449
12798457
12798458
12798459
12798460
12798461
12798465
12798466
12798467
12798468
12798477
12798498
12798510
12798514
12798515
12798518
12798530
12798550
12798551
12798556
12798557
12798570
12798574
12798579
12798585
12798588
13084051
13084062
13084068
13084069
140439
14462401
14462405
14462410
14462411
14462445
14462452
14462463
14462476
14462484
14462485
14462486
14462489
14462577
14462585
14462596
14462605
14462611
14462612
14462613
14462614
14462615
14462616
14462617
14462622
14462630
14462631
14462661
14462673
14462678
14462692
14462693
14462699
14462701
14462712
14462714
14462715
14462726
14462740
14462750
14462753
14462762
14462775
14462777
14462778
14462783
14462793
14462799
14462810
14462836
14462837
14462845
14462851
14462875
14462878
14462879
14462897
14462915
170876
170878
170882
170887
192481
192506
192507
192508
192509
192528
192535
192611
19834718
19834760
19834761
19834823
19834908
19834930
19834937
19834948
19835010
19835051
19835072
19835127
19835136
19835139
19835181
19835207
19835258
19835348
19835383
19835476
19835488
19835490
19835504
19835548
19835597
19835622
19835657
19835678
19835723
19835727
19835738
19835749
19835750
19835868
19835876
19835889
19835957
19836003
19836032
19836034
19836061
19836089
19836116
19836171
19836175
19836181
19836197
19836220
19836240
19836250
19893529
19893533
19893535
19893538
19893539
19893540
19893542
19893549
19893551
19893552
19893555
19893556
19893558
19988923
246383
246384
246386
246388
246393
246395
246397
246398
246399
246404
246406
246408
246409
246411
246412
246413
246414
246415
246416
246418
246419
246420
246422
246424
246425
246426
246428
246431
246432
246434
246435
246436
246437
246439
246441
246442
246443
246444
246445
246446
246447
246448
246449
246451
246452
246453
246454
246456
246457
246458
246459
246460
246461
246462
246467
246471
246484
246485
246487
246488
246489
246490
246492
246493
246496
246497
246500
246501
246504
246505
246506
246507
246509
246510
246513
246514
246515
246518
246519
246520
246521
246522
246523
246525
246527
246528
246529
246530
246531
246532
246533
246534
246535
246538
246539
246540
246541
246543
246548
246549
246550
246551
246552
246553
246556
246560
246561
246562
246563
246565
246566
246567
246568
246569
246572
246573
246575
246576
246577
246578
246579
246580
246581
246582
246584
246585
246587
246588
246589
246591
246593
246595
246596
246599
246600
246601
246602
246603
246604
246605
246606
246608
246609
246610
246611
246614
246616
246618
246620
246621
246624
246625
246627
246629
246630
246631
246633
246634
246638
246640
246644
246645
246646
246647
246648
246650
246651
246652
246653
246656
246659
246663
246666
246667
246668
246669
246670
246671
246672
246682
248102
248194
249072
249170
249663
250710
250735
250736
250811
251270
251324
251414
251430
251466
251610
251645
251690
251711
251900
251916
251924
251937
251984
252479
252554
252671
260645
260658
260659
26067037
26067038
26067039
26067041
26067042
26067043
26067045
26067046
26067047
26067049
26067050
26067051
26067052
26067053
26067054
26067055
26067056
26067057
26067058
26067059
26067061
26067062
26067063
26067064
26067065
26067066
26067067
26067068
26067069
26067070
26067071
26067074
26067075
26067076
26067077
26067079
26067080
260693
261329
261599
261603
261607
261610
261613
261614
261615
261616
261617
261618
261620
261621
261623
261626
261628
261629
261631
261634
261663
2768659
2768661
2768664
2768665
2768666
2768668
2768669
2768670
2768671
2768672
2768673
2768674
2768677
2768678
2768679
2768680
2768682
2768683
2768684
2768685
2768686
2768687
2768688
2768690
2768691
2768693
2768714
2768716
2768717
2768718
2768719
2768720
2768721
2768722
2768724
2768725
2768726
2768727
2768728
2768730
2768732
2768831
2768832
2768833
2768834
2768836
2768840
2768841
2768846
2768847
2768848
2768850
2768851
2768852
2768853
2768858
2768859
2768860
2768865
2768867
2768869
2768870
2768871
2768872
2768873
2768875
2768877
2768879
2768881
2768882
2768883
2768889
2768892
2768896
2768897
2768898
2768899
2768900
2768901
2768902
2768903
2768904
2768905
2768906
2768908
2768909
2768910
2768912
2768914
2768915
2768916
2768917
2768918
2768920
2768923
2768924
2768925
2768926
2768929
2768931
2768932
2768934
2768938
2768939
2768940
2768941
2768944
2768945
2768946
2768948
2768949
2768950
2768951
2768952
2768954
2768955
2768958
2768960
2768961
2768962
2768963
2768964
2768965
2768967
2768968
2768970
2768971
2768973
2768974
2768975
2768976
2768977
2768979
2768980
2768981
2768984
2768986
2768987
2768988
2768989
2768990
2768992
2768993
2768994
2768995
2768996
2768997
2768998
2768999
2769001
2769005
2769006
2769007
2769008
30522392
30522395
30522399
30522401
30522403
30970
30971
30972
30973
30975
30976
30977
30978
30979
30980
30981
30982
30983
30984
30985
30986
30988
30990
30991
30994
30995
30996
30998
31000
31001
31002
31003
31004
31005
31006
31007
31009
31010
31011
31012
31013
31014
31015
31016
31017
31018
31019
31020
31021
31022
31023
31024
31025
31027
31028
31029
31030
31031
31032
31033
31036
31037
31038
31039
31042
31043
31044
31045
31046
31047
31048
31049
31050
31052
31054
31055
31056
31057
31059
31060
31061
31062
31063
31065
31066
31067
31068
31069
31070
31071
31072
31074
31075
31078
31079
31080
31081
31082
31083
31084
31085
31086
31089
31090
31093
31094
31095
31096
31097
31098
31099
31100
31101
31102
31103
31104
31105
31106
31107
31109
31110
31111
31118
31119
31120
31121
31123
31124
31127
31128
31129
31130
31131
31132
31136
31137
31139
31140
31141
31142
31143
31144
31145
31146
31147
31148
31149
31150
31151
31152
31153
31154
31155
31156
31157
31158
31160
31162
31163
31165
31166
31167
31168
31169
31170
31171
31172
31173
31174
31175
31176
31177
31178
31179
31181
31184
31185
31186
31187
31188
31189
31190
31192
31193
31194
31195
31196
31197
31198
31200
31201
31203
31204
31205
31207
31208
31209
31210
31211
31212
31213
31214
31215
31217
31218
31219
31220
31221
31222
31224
31226
31227
31228
31229
31230
31234
31235
31236
31237
31239
31240
31243
31244
31245
31246
31247
31248
31249
31250
31251
31252
31253
31254
31255
31256
31257
31258
31259
31260
31261
31262
31263
31264
31265
31266
31267
31268
31269
31270
31271
31272
31273
31274
31275
31276
31277
31278
31279
31280
31282
31283
31284
31285
31286
31287
31288
31289
31290
31291
31292
31293
31294
31295
31297
31298
31299
31300
31301
31303
31304
31308
31309
31310
31311
31312
31313
31314
31315
31316
31317
31318
31319
31320
31321
31322
31323
31326
31328
31329
31331
31332
31335
31336
31338
31339
31340
31341
31342
31343
31344
31347
31348
31349
31350
31351
31352
31353
31355
31356
31357
31358
31359
31361
31362
31363
31364
31365
31366
31367
31368
31369
31370
31371
31372
31373
31374
31375
31376
31377
31379
31380
31381
31382
31383
31384
31385
31386
31387
31388
31389
31390
31391
31392
31393
31394
31395
31396
31397
31398
31399
31401
31402
31404
31405
31406
31407
31408
31409
31410
31411
31412
31413
31414
31415
31416
31419
31420
31422
31423
31424
31425
31427
31429
31430
31433
31434
31435
31438
31439
31440
31441
31442
31443
31444
31445
31446
31447
31448
31449
31450
31451
31456
31457
31458
31459
31460
31461
31463
31464
31465
31466
31469
31470
31471
31472
31473
31474
31475
31480
31481
31483
31486
31487
31489
31490
31491
31493
31494
31496
31497
31498
31499
31500
31503
31504
31506
31507
31508
31509
31510
31511
31512
31513
31515
31516
31517
31518
31519
31520
31521
31522
31523
31524
31525
31526
31527
31528
31529
31532
31533
31535
31536
31537
31538
31539
31540
31541
31542
31543
31544
31547
31550
31551
31552
31553
31554
31555
31556
31557
31558
31560
31562
31564
31565
31566
31567
31568
31571
31572
31573
31574
31576
31577
31578
31579
31580
31581
31582
31585
31586
31587
31588
31589
31591
31592
31593
31594
31595
31596
31597
31598
31600
31601
31602
31603
31604
31605
31606
31607
31608
31609
31610
31611
31612
31613
31614
31615
31617
31618
31620
31621
31622
31623
31624
31625
31626
31628
31629
31630
31631
31632
31638
31639
31641
31642
31644
31645
31646
31647
31648
31649
31650
31651
31652
31653
31656
31657
31658
31659
31660
31661
31662
31663
31664
31665
31666
31667
31668
31669
31670
31671
31672
31673
31674
31675
31676
31678
31679
31680
31681
31682
31683
31684
31686
31687
31688
31689
31690
31691
31692
31695
31696
31697
31698
31700
31701
31702
31703
31704
31705
31706
31707
31708
31712
31713
31714
31715
31716
31717
31718
31720
31721
31722
31724
31725
31726
31727
31728
31729
31731
31732
31733
31735
31736
31737
31738
31739
31740
31741
31742
31743
31744
31745
31746
31747
31748
31749
31750
31751
31759
31760
31761
31762
31763
31764
31765
31766
31767
31770
31771
31772
31773
31775
31776
31777
31778
31779
31780
31781
317813
317815
317817
31782
317823
317824
317826
317827
317828
317829
317833
317834
317835
317838
317841
317842
317846
317849
31785
317852
317854
317855
317856
317858
31786
317860
317862
317864
317866
317867
31787
31788
317880
317887
31789
317890
317891
317894
317897
317898
317900
317902
317903
317904
317907
317908
317909
31791
317911
317912
317913
317916
317917
317918
317919
31792
317922
317923
317924
317926
317928
31793
317930
317933
317934
317935
317936
317938
317939
31794
317942
317943
317944
317945
317946
31795
317952
317953
317954
317955
317956
31796
317962
317963
317964
317966
317967
317969
31797
317973
317974
317976
317977
31798
317987
31799
317996
317999
31800
318000
318002
318005
318007
318008
31801
318011
318012
318013
318014
318016
318018
31802
318020
31803
318030
318031
318032
318034
318035
318037
31804
318040
318042
318043
318044
318046
31805
318050
318053
318059
31806
318060
318066
31807
318071
318079
31808
318082
31809
318092
318093
318094
318095
318096
318097
318098
31810
318101
318102
318103
318104
318105
318107
318108
318109
31811
31812
318128
31813
318133
318134
318135
318136
318137
318138
318139
318140
318143
318146
318147
318148
318149
31815
318150
318151
318153
318158
31816
318160
318161
318164
318165
318166
318168
318169
31817
318170
318175
318176
31818
318189
318192
318193
318198
318206
318207
318210
318211
318213
318215
31822
318220
318221
318222
318223
318224
318225
318226
318227
318228
318231
318235
318237
318238
31824
318243
318244
318245
318246
318249
31825
318250
318251
318252
31826
318260
318261
318271
318273
318274
31829
31830
31831
31833
31834
31835
31837
31838
31839
31840
31841
31842
31843
31844
31845
31846
31848
31849
31851
31853
31854
31855
318552
318553
318554
318555
318558
318559
31856
318562
318563
318566
318567
31857
318571
318572
318574
318575
318578
318579
31858
318582
318583
318586
31859
318590
318591
318593
318594
318595
318597
318599
31860
318600
318601
318603
318604
318605
318608
31861
318610
318616
31862
318622
318623
318624
318625
318626
318627
31863
318632
318633
318636
318637
318638
31864
318645
318646
318649
31865
318651
318652
318653
318655
318657
318658
31866
318662
318663
318664
318666
318668
31867
318677
318680
318681
318682
318684
318688
31869
318693
318698
318700
318701
318709
318714
318715
318716
31872
318720
318721
318722
318725
318727
318728
31873
318734
318735
318736
318737
31874
318741
318744
318746
318747
318749
318751
318753
318765
31877
318776
318778
318781
318782
318785
318788
31879
318790
318791
318794
318795
31880
318801
31881
318824
318825
318826
31883
318833
318834
318835
318838
318840
318841
318842
318843
318845
318846
318847
318854
318855
318856
318857
318859
318860
318865
318866
318867
318868
31887
318872
318874
318875
318878
318879
318880
318881
318882
318883
318886
318887
318888
318890
318891
318892
318893
318894
31890
318901
318904
318905
318906
318907
318908
318909
318911
318912
318913
318914
318916
318918
318920
318922
318924
318930
318934
318935
318936
318937
318939
318941
318942
318943
318946
318947
318948
318949
318950
318951
318952
318953
318954
318955
318956
318957
318958
318959
31896
318960
318961
318965
31897
318970
318972
318977
31898
318980
318981
318982
318983
318986
318988
318989
31899
318990
318991
318992
318993
318995
318996
318997
318998
319000
319011
319012
319014
319016
319019
31902
319020
319021
319023
319025
319026
319027
319028
31903
319030
319033
31904
319042
319043
319045
319046
319047
319048
31905
319052
319064
31907
31909
31912
31913
31914
31915
31917
31918
31919
31920
31921
31922
31923
31924
31925
31926
31927
31928
31929
31931
31933
31934
31935
31938
31939
31940
31942
31943
31944
31945
31947
31948
31949
31950
31952
31953
31954
31955
31957
31958
31960
31961
31962
31964
31965
31966
31967
31970
31971
31973
31975
31976
31977
31978
31979
31980
31986
31987
31988
31989
31990
31991
31993
31994
31995
31996
31997
32000
32001
32002
32005
32006
32007
32008
32009
32011
32013
32014
32015
32016
32017
32018
32019
32020
32021
32022
32024
32026
32027
32028
32029
32032
32033
32034
32035
32036
32037
32038
32039
32040
32041
32042
32043
32045
32046
32047
32049
32050
32051
32052
32053
32055
32056
32057
32058
32059
32060
32062
32063
32065
32067
32068
32069
32070
32071
32072
32073
32074
32075
32076
32077
32078
32079
32080
32081
32083
32084
32085
32086
32087
32088
32089
32090
32092
32093
32094
32095
32097
32098
32099
32100
32101
32102
32103
32104
32106
32107
32108
32109
32110
32111
32112
32113
32114
32115
32116
32119
32120
32121
32122
32123
32124
32125
32126
32127
32128
32130
32131
32132
32133
32135
32136
32137
32138
32139
32140
32141
32142
32143
32144
32145
32146
32147
32148
32149
32150
32151
32152
32153
32154
32156
32157
32158
32159
32160
32161
32162
32163
32164
32165
32166
32167
32168
32169
32170
32172
32173
32174
32176
32177
32179
32180
32183
32188
32189
32190
32191
32193
32194
32195
32196
32198
32199
32200
32201
32202
32203
32205
32207
32208
32209
32211
32212
32213
32214
32215
32216
32217
32221
32222
32224
32225
32228
32229
32230
32233
32234
32238
32239
32240
32241
32242
32243
32244
32245
32246
32247
32248
32249
32250
32252
32253
32256
32257
32258
32259
32260
32261
32262
32263
32264
32266
32267
32268
32269
32271
32272
32273
32274
32275
32276
32278
32279
32281
32282
32285
32288
32290
32291
32292
32293
32294
32295
32296
32297
32298
32299
32300
32301
32302
32303
32307
32308
32309
32310
32311
32312
32314
32315
32316
32317
32318
32319
32320
32321
32322
32323
32324
32325
32326
32327
32328
32329
32330
32334
32335
32337
32338
32339
32340
32341
32343
32344
32345
32348
32349
32350
32351
32352
32353
32357
32358
32359
32360
32361
32362
32363
32364
32365
32366
32367
32368
32371
32373
32374
32375
32377
32378
32379
32381
32382
32384
32385
32386
32387
32389
32392
32393
32394
32395
32396
32397
32398
32399
32400
32401
32402
32403
32406
32407
32408
32409
32410
32412
32413
32414
32415
32416
32418
32419
32420
32421
32422
32423
32424
32425
32426
32427
32428
32429
32430
32434
32435
32436
32437
32438
32439
32440
32441
32442
32443
32444
32446
32447
32448
32450
32452
32453
32454
32455
32457
32458
32459
32460
32461
32462
32463
32464
32467
32468
32470
32471
32472
32473
32474
32475
32476
32477
32478
32479
32480
32481
32482
32483
32485
32487
32488
32489
32490
32492
32493
32494
32495
32496
32497
32498
32499
32500
32501
32502
32503
32504
32505
32506
32507
32508
32509
32510
32511
32512
32513
32514
32515
32516
32517
32518
32520
32521
32522
32523
32524
32525
32526
32528
32529
32530
32531
32532
32533
32534
32535
32536
32537
32538
32539
32540
32541
32542
32543
32544
32545
32546
32547
32548
32549
32551
32552
32553
32554
32556
32557
32558
32561
32562
32563
32564
32565
32566
32567
32568
32569
32570
32571
32572
32573
32574
32575
32576
32579
32580
32581
32582
32584
32585
32586
32587
32588
32589
32591
32592
32593
32594
32595
32596
32597
32598
32599
32601
32602
32603
32604
32605
32606
32607
32608
32609
32610
326108
326109
32611
326110
326111
326112
326113
326114
326115
326116
326117
326118
326119
32612
326120
326121
326122
326123
326124
326125
326126
326127
326128
326129
32613
326130
326131
326132
326133
326135
326136
326137
326138
326139
326140
326141
326142
326144
326146
326147
326148
326149
32615
326150
326151
326152
326153
326154
326155
326156
326157
326158
326159
32616
326160
326161
326163
326164
326165
326166
326167
326168
326169
32617
326170
326171
326172
326173
326174
326175
326176
326177
326178
326179
326181
326182
326183
326184
326185
326186
326187
326188
326189
32619
326191
326192
326193
326194
326195
326196
326197
326198
326199
32620
326202
326203
326205
326206
326207
326208
326209
32621
326211
326214
326215
326216
326219
32622
326220
326221
326222
326223
326224
326225
326226
326227
326229
32623
326230
326232
326234
326235
326237
326238
32624
326240
326244
326245
326246
32625
326250
326251
326253
326254
326255
326256
326257
326258
326259
32626
326260
326261
326262
326263
326264
326265
326267
32627
326270
326273
32629
32630
32631
32632
326328
326329
32633
32635
32636
32637
32638
32639
32640
32641
32642
32643
32644
32645
32646
32647
32648
32649
32650
32651
32652
32654
32656
32657
32659
32660
32661
32662
32663
32664
32665
32666
32668
32670
32671
32672
32673
32674
32675
32676
32677
32678
32679
32680
32681
32682
32683
32684
32685
32686
32687
32688
32689
32690
32691
32692
32693
32694
32695
32696
32698
32700
32701
32703
32704
32705
32706
32707
32708
32709
32710
32711
32713
32714
32715
32716
32718
32719
32720
32721
32722
32723
32724
32725
32726
32727
32728
32729
32731
32732
32733
32734
32737
32738
32739
32740
32741
32742
32743
32745
32746
32747
32748
32751
32752
32753
32754
32757
32758
32759
32760
32761
32762
32763
32764
32765
32766
32767
32768
32769
32770
32771
32773
32774
32775
32776
32777
32778
32780
32781
32782
32785
32786
32787
32788
32789
32790
32791
32792
32793
32794
32796
32797
32798
32799
32800
32801
32803
32805
32806
32813
32814
32815
32816
32817
32818
32819
32820
32821
32822
32824
32825
32826
32827
32831
32832
32833
32834
32835
32836
32837
32838
32839
32840
32841
32843
32844
32845
32846
32848
32849
32850
32851
32852
32853
32854
32855
32856
32857
32858
32859
32860
32861
32862
32864
32865
32866
32869
32871
32872
32873
32874
32875
32876
32877
32878
32880
32881
32882
32885
32886
32887
32888
32889
32891
32892
32893
32894
32895
32896
32897
32898
32901
32902
32903
32905
32906
32907
32908
32909
32910
32911
32912
32913
32914
32915
32916
32917
32918
32919
32920
32921
32922
32923
32924
32925
32926
32928
32930
32932
32933
32934
32935
32936
32937
32938
32939
32940
32941
32942
32943
32946
32947
32948
32949
32950
32951
32952
32953
32954
32955
32958
32961
32962
32963
32964
32965
32966
32967
32968
32969
32970
32971
32972
32973
32974
32975
32976
32977
32978
32979
32980
32981
32982
32983
32984
32986
32987
32988
32989
32990
32991
32992
32993
32994
32995
32996
32997
32999
33000
33001
33002
33003
33004
33005
33006
33007
33009
33010
33011
33012
33013
33014
33015
33016
33017
33018
33019
33022
33023
33024
33025
33026
33027
33028
33029
33031
33032
33033
33034
33035
33036
33037
33038
33039
33040
33043
33044
33045
33046
33047
33048
33049
33051
33056
33057
33058
33059
33060
33061
33062
33064
33066
33068
33071
33072
33073
33074
33075
33076
33077
33078
33079
33081
33082
33083
33085
33088
33090
33093
33094
33096
33097
33098
33101
33102
33103
33104
33105
33107
33108
33109
33110
33111
33112
33114
33117
33118
33119
33120
33121
33123
33125
33126
33127
33128
33129
33130
33131
33132
33133
33134
33135
33136
33137
33139
33140
33141
33142
33143
33144
33147
33148
33156
33157
33158
33161
33162
33163
33165
33166
33167
33169
33170
33171
33172
33174
33175
33176
33178
33179
33180
33182
33183
33184
33185
33187
33190
33191
33192
33193
33194
33195
33196
33197
33198
33199
33200
33201
33202
33203
33204
33205
33206
33207
33208
33209
33210
33211
33212
33213
33214
33215
33216
33217
33218
33219
33220
33221
33222
33223
33224
33225
33226
33227
33228
33229
33230
33231
33232
33233
33234
33235
33236
33237
33238
33239
33240
33241
33242
33244
33245
33247
33248
33249
33250
33251
33252
33253
33254
33255
33256
33257
33258
33259
33260
33261
33262
33263
33264
33265
33266
33267
33268
33269
33270
33271
33272
33274
33275
33276
33277
33278
33279
33281
33282
33283
33284
33285
33286
33287
33288
33289
33290
33291
33292
33293
33294
33295
33298
33299
33300
33301
33303
33304
33305
33306
33307
33308
33309
33310
33312
33313
33317
33318
33319
33320
33321
33323
33324
33325
33330
33331
33332
33333
33334
33335
33336
33337
33338
33339
33341
33343
33346
33347
33348
33349
33350
33351
33353
33354
33356
33357
33358
33359
33360
33361
33363
33365
33366
33367
33369
33370
33371
33372
33373
33374
33377
33379
33381
33384
33385
33386
33388
33389
33390
33391
33392
33394
33395
33396
33397
33398
33399
33401
33402
33403
33404
33405
33406
33407
33408
33409
33410
33411
33412
33413
33414
33418
33419
33420
33421
33422
33423
33424
33425
33426
33429
33431
33432
33434
33435
33436
33437
33438
33439
33440
33441
33442
33443
33444
33445
33446
33447
33448
33449
33450
33451
33452
33453
33454
33455
33458
33459
33460
33461
3346141
3346142
3346145
3346149
3346150
3346160
3346162
3346166
3346167
3346176
3346177
3346188
3346192
33462
3346201
3346202
3346203
3346204
3346206
3346207
3346208
3346209
3346220
3346221
3346222
3346223
3346224
3346225
3346226
3346227
3346235
3346237
3346238
3346239
33465
33466
33467
33468
33469
33470
33471
33472
33473
33474
33475
33476
33477
33478
33479
33480
33481
33482
33483
33484
33485
33486
33487
33488
33489
33490
33492
33493
33495
33496
33498
33499
33500
33501
33502
33503
33504
33505
33507
33509
33510
33511
33512
33513
33514
33515
33516
33517
33518
33519
33520
33521
33522
33524
33526
33527
33528
33529
33530
33532
33534
33535
33537
33538
33539
33540
33541
33542
33543
33544
33545
33547
33548
3354861
3354863
3354888
3354890
3354896
3354918
3354919
3354921
3354922
3354925
3354930
3354941
3354965
3354971
3354977
3354987
3354988
3354990
3354991
3354992
3354994
3354995
3354996
3355010
3355011
3355013
3355016
3355040
3355041
3355064
3355066
3355069
3355072
3355079
3355084
3355089
3355093
3355094
3355096
3355097
33551
3355102
3355106
3355107
3355108
3355109
3355111
3355114
3355116
3355120
3355123
3355124
3355125
3355126
3355127
3355129
3355130
3355131
3355132
3355133
3355134
3355135
3355136
3355138
3355139
3355143
3355144
3355145
3355149
3355150
3355151
3355155
3355158
3355160
3355162
3355163
3355164
3355165
3355167
3355171
3355173
3355174
3355180
3355181
33552
33553
33554
33555
33556
33557
33559
33560
33561
33562
33563
33564
33565
33567
33568
33569
33570
33571
33572
33573
33574
33575
33576
33577
33578
33579
33581
33583
33585
33589
33590
33591
33592
33593
33594
33595
33597
33599
33601
33602
33604
33606
33607
33608
33609
33610
33611
33613
33615
33616
33617
33619
33621
33622
33623
33626
33627
33628
33629
33630
33631
33635
33636
33637
33638
33639
33640
33641
33642
33643
33644
33645
33646
33647
33648
33649
33650
33651
33652
33653
33654
33655
33656
33657
33658
33659
33661
33665
33667
33668
33669
33670
33671
33672
33675
33676
33677
33678
33679
33680
33681
33682
33683
33684
33685
33686
33687
33688
33689
33690
33692
33693
33694
33695
33696
33700
33701
33702
33703
33704
33705
33706
33707
33708
33709
33710
33711
33712
33714
33715
33716
33717
33718
33719
33721
33725
33726
33727
33732
33734
33735
33736
33738
33739
33742
33743
33744
33748
33749
33750
33751
33752
33753
33754
33755
33756
33757
33758
33759
33760
33761
33763
33764
33765
33766
33768
33769
33770
33771
33772
33774
33775
33776
33777
33778
33779
33780
33781
33782
33783
33784
33785
33786
33787
33788
33789
33790
33791
33792
33793
33795
33796
33797
33798
33799
33800
33802
33803
33804
33805
33806
33807
33808
33809
33810
33812
33814
33815
33816
33817
33818
33819
33820
33822
33823
33824
33825
33826
33827
33828
33829
33830
33831
33832
33833
33834
33835
33836
33837
33838
33839
338392
338395
33840
33841
33842
33843
33844
33845
33846
33847
33849
33850
33851
33852
33853
33854
33855
33856
33857
33858
33859
33861
33862
33863
33864
33865
33866
33867
33868
33869
33874
33875
33879
33881
33882
33883
33884
33885
33886
33887
33888
33889
33890
33892
33893
33894
33895
33896
33897
33898
33899
33900
33901
33902
33903
33904
33905
33906
33907
33908
33909
33910
33911
33913
33914
33916
33918
33919
33920
33921
33922
33923
33924
33925
33927
33928
33930
33931
33932
33933
33934
33935
33937
33938
33939
33940
33941
33942
33943
33944
33946
33947
33948
33949
33950
33951
33952
33953
33954
33955
33956
33957
33959
33960
33961
33962
33963
33964
33965
33966
33967
33968
33969
33971
33972
33973
33974
33975
33976
33977
33978
33979
33981
33982
33983
33984
33985
33986
33987
33988
33989
33991
33992
33993
33994
33995
33999
34000
34001
34002
34003
34004
34005
34006
34007
34009
34010
34012
34013
34014
34015
34016
34017
34018
34019
34021
34022
34023
34024
34027
34029
34030
34031
34032
34035
34036
34037
34038
34041
34042
34044
34045
34046
34047
34048
34049
34051
34052
34053
34054
34055
34058
34059
34060
34061
34062
34063
34064
34065
34066
34067
34068
34069
34070
34072
34073
34075
34077
34079
34080
34082
34086
34087
34088
34089
34090
34091
34092
34093
34094
34095
34096
34097
34098
34099
34102
34105
34106
34107
34109
34110
34111
34112
34114
34115
34116
34117
34118
34119
34120
34121
34122
34123
34124
34125
34126
34127
34129
34131
34132
34134
34135
34136
34137
34138
34139
34140
34141
34142
34143
34144
34145
34147
34148
34149
34152
34153
34154
34155
34156
34157
34158
34159
34160
34161
34162
34164
34165
34166
34167
34169
34170
34171
34172
34175
34176
34177
34179
34180
34181
34182
34183
34184
34185
34186
34187
34188
34189
34191
34192
34193
34194
34195
34196
34197
34198
34202
34203
34204
34205
34206
34208
34209
34211
34212
34215
34217
34218
34219
34220
34221
34222
34223
34224
34225
34226
34227
34228
34229
34230
34231
34234
34235
34236
34237
34240
34241
34242
34244
34245
34249
34250
34251
34252
34253
34256
34257
34258
34259
34260
34262
34263
34264
34268
34269
34270
34271
34272
34274
34275
34276
34277
34278
34279
34280
34281
34282
34283
34284
34286
34287
34288
34289
34291
34292
34293
34294
34295
34296
34297
34299
34300
34302
34303
34304
34306
34307
34309
34310
34311
34312
34313
34314
34315
34316
34317
34318
34319
34320
34321
34322
34323
34324
34325
34326
34327
34328
34329
34330
34331
34333
34334
34335
34336
34338
34339
34341
34342
34345
34348
34349
34350
34351
34352
34353
34354
34355
34356
34357
34358
34359
34360
34361
34362
34363
34364
34367
34368
34370
34371
34372
34373
34374
34376
34377
34378
34379
34380
34381
34383
34384
34385
34386
34387
34388
34389
34390
34392
34393
34394
34395
34396
34397
34398
34401
34402
34403
34404
34405
34406
34408
34409
34410
34411
34412
34413
34414
34416
34419
34420
34421
34422
34423
34425
34426
34427
34428
34429
34430
34431
34432
34433
34434
34435
34436
34437
34438
34440
34441
34442
34443
34444
34445
34446
34447
34449
34450
34451
34452
34453
34454
34455
34457
34458
34460
34461
34462
34463
34465
34466
34467
34468
34469
34470
34471
34472
34474
34476
34477
34478
34479
34480
34481
34482
34483
34484
34485
34486
34487
34488
34489
34490
34493
34494
34495
34496
34497
34499
34500
34502
34503
34504
34505
34506
34507
34508
34509
34510
34513
34514
34516
34517
34519
34521
34524
34526
34527
34528
34529
34530
34531
34532
34536
34537
34538
34539
34540
34541
34542
34543
34544
34545
34546
34547
34548
34549
34550
34551
34552
34553
34554
34557
34558
34559
34560
34564
34565
34566
34567
34568
34569
34570
34571
34572
34573
34576
34577
34578
34581
34582
34583
34584
34585
34586
34587
34588
34589
34590
34591
34592
34593
34594
34595
34597
34598
34601
34602
34603
34604
34605
34607
34608
34609
34610
34611
34613
34614
34615
34616
34618
34619
34620
34621
34622
34623
34624
34625
34626
34627
34628
34629
34630
34631
34632
34633
34634
34636
34637
34638
34639
34640
34641
34642
34644
34645
34646
34647
34648
34650
34651
34652
34654
34655
34656
34657
34658
34660
34661
34662
34663
34665
34667
34669
34671
34673
34674
34675
34676
34677
34678
34679
34680
34681
34682
34683
34684
34685
34686
34687
34688
34689
34693
34695
34696
34699
34700
34701
34702
34703
34704
34705
34706
34707
34708
34709
34710
34711
34712
34713
34714
34715
34716
34717
34718
34719
34720
34721
34722
34723
34724
34725
34726
34727
34728
34729
34730
34731
34732
34734
34735
34736
34738
34739
34741
34742
34743
34745
34747
34748
34749
34750
34751
34752
34753
34754
34755
34756
34757
34758
34759
34760
34761
34762
34763
34764
34767
34768
34769
34770
34771
34772
34773
34774
34775
34776
34777
34778
34779
34780
34781
34783
34784
34785
34786
34787
34788
34789
34790
34791
34792
34793
34794
34796
34799
34800
34801
34802
34803
34804
34805
34806
34807
34808
34809
34811
34812
34813
34814
34815
34816
34817
34818
34819
34822
34823
34824
34826
34828
34829
34830
34831
34833
34834
34835
34836
34837
34838
34839
34840
34842
34843
34844
34845
34846
34847
34848
34849
34850
34853
34854
34856
34857
34858
34859
34863
34864
34866
34867
34870
34872
34873
34874
34875
34876
34877
34878
34879
34881
34882
34883
34885
34886
34887
34888
34889
34890
34891
34892
34893
34894
34896
34897
34898
34899
34901
34902
34903
34904
34906
34907
34908
34910
34911
34912
34913
34914
34915
34916
34917
34918
34919
34920
34921
34922
34923
34924
34925
34927
34928
34930
34931
34932
34933
34934
34935
34937
34938
34939
34940
34941
34942
34943
34944
34945
34946
34947
34948
34951
34952
34953
34954
34955
34956
34957
34958
34959
34961
34962
34963
34964
34965
34966
34967
34968
34969
34970
34974
34975
34976
34977
34978
34979
34980
34981
34982
34983
34984
34985
34986
34987
34988
34991
34992
34993
34995
34996
34997
34998
34999
35000
35001
35002
35003
35004
35005
35006
35007
35008
35009
35013
35015
35016
35019
35020
35021
35022
35026
35027
35029
35031
35032
35033
35034
35035
35037
35040
35041
35042
35043
35044
35045
35046
35047
35048
35049
35050
35051
35052
35053
35054
35055
35056
35057
35058
35059
35060
35061
35062
35063
35064
35065
35066
35067
35068
35069
35070
35071
35072
35073
35074
35075
35076
35077
35078
35079
35080
35081
35082
35083
35084
35085
35086
35087
35088
35089
35090
35091
35095
35096
35097
35098
35099
35100
35101
35102
35103
35104
35105
35106
35107
35109
35110
35111
35112
35113
35114
35115
35116
35117
35118
35119
35121
35122
35123
35124
35125
35126
35127
35129
35130
35131
35132
35134
35135
35137
35138
35139
35140
35142
35143
35144
35145
35146
35147
35149
35150
35151
35152
35153
35154
35155
35156
35157
35158
35159
35160
35161
35162
35163
35166
35167
35168
35169
35170
35172
35173
35174
35176
35177
35178
35179
35180
35181
35182
35183
35184
35185
35188
35189
35190
35192
35193
35194
35195
35196
35197
35198
35199
35200
35203
35205
35206
35207
35208
35209
35210
35211
35212
35213
35215
35216
35218
35219
35220
35221
35222
35223
35225
35226
35227
35228
35229
35230
35231
35232
35234
35235
35236
35237
35238
35239
35240
35241
35242
35243
35244
35245
35246
35247
35248
35251
35252
35253
35254
35255
35256
35257
35258
35259
35260
35261
35262
35263
35264
35265
35266
35267
35268
35270
35273
35275
35277
35279
35280
35281
35282
35284
35285
35286
35287
35288
35289
35291
35292
35293
35295
35296
35297
35298
35299
35300
35303
35305
35306
35308
35309
35310
35311
35312
35314
35315
35316
35319
35320
35321
35322
35323
35324
35325
35326
35327
35329
35330
35331
35332
35333
35334
35335
35336
35337
35338
35339
35340
35341
35342
35343
35344
35346
35347
35348
35349
35351
35352
35353
35354
35355
35357
35358
35359
35362
35364
35365
35366
35368
35369
35370
35372
35374
35375
35376
35378
35379
35380
35381
35382
35383
35384
35385
35386
35387
35390
35393
35394
35395
35396
35397
35398
35399
35400
35402
35404
35405
35407
35408
35409
35410
35411
35414
35417
35418
35419
35420
35421
35422
35424
35425
35426
35427
35429
35430
35431
35432
35433
35434
35435
35437
35438
35439
35440
35442
35445
35447
35449
35452
35453
35454
35473
35475
35478
35480
35483
35485
35486
35488
35490
35491
35492
35494
35496
35498
35499
35500
35501
35503
35504
35505
35507
35509
35511
35512
35513
35514
35515
35516
35519
35520
35521
35522
35523
35524
35526
35527
35528
35529
35531
35532
35533
35535
35536
35537
35538
35539
35540
35541
35543
35544
35545
35546
35547
35549
35550
35552
35553
35554
35555
35556
35559
35560
35561
35563
35564
35565
35567
35568
35569
35570
35571
35572
35573
35574
35575
35576
35577
35578
35579
35580
35583
35584
35585
35586
35587
35588
35590
35591
35592
35594
35595
35596
35597
35599
35600
35602
35604
35608
35609
35610
35611
35612
35613
35614
35615
35616
35617
35618
35620
35621
35622
35623
35624
35625
35626
35627
35628
35629
35630
35631
35634
35635
35639
35641
35642
35644
35646
35647
35648
35649
35651
35652
35653
35654
35655
35656
35658
35659
35660
35661
35662
35663
35664
35665
35667
35669
35670
35671
35672
35673
35674
35677
35678
35679
35680
35681
35682
35683
35684
35685
35686
35687
35688
35689
35690
35691
35692
35693
35694
35695
35696
35697
35698
35701
35702
35704
35705
35706
35707
35708
35709
35710
35711
35712
35713
35715
35717
35718
35719
35720
35724
35726
35727
35728
35730
35731
35732
35733
35735
35737
35738
35741
35742
35743
35744
35745
35746
35747
35748
35749
35751
35753
35754
35756
35757
35758
35759
35761
35762
35763
35764
35765
35766
35767
35768
35770
35771
35773
35774
35777
35778
35779
35780
35783
35784
35785
35786
35787
35788
35789
35790
35792
35793
35795
35796
35797
35798
35799
35800
35801
35802
35803
35804
35805
35806
35808
35809
35810
35811
35812
35813
35814
35816
35817
35818
35819
35820
35821
35822
35824
35825
35826
35827
35828
35829
35830
35832
35834
35835
35837
35838
35840
35841
35842
35843
35845
35846
35847
35848
35849
35850
35851
35853
35854
35855
35856
35857
35858
35859
35860
35861
35862
35864
35865
35866
35867
35875
35877
35878
35879
35880
35881
35882
35884
35885
35886
35888
35889
35890
35891
35892
35893
35894
35895
35896
35897
35898
35899
35900
35901
35902
35904
35905
35906
35907
35908
35909
35910
35911
35912
35913
35914
35915
35916
35917
35918
35919
35920
35921
35922
35923
35924
35925
35926
35927
35928
35929
35930
35931
35932
35933
35934
35935
35936
35937
35938
35939
35940
35941
35942
35943
35944
35946
35948
35949
35950
35952
35953
35954
35955
35956
35957
35958
35959
35962
35963
35966
35968
35969
35970
35971
35974
35975
35977
35979
35980
35981
35984
35985
35986
35987
35988
35989
35991
35993
35995
35996
35997
35998
35999
36000
36001
36002
36003
36004
36005
36006
36009
36010
36011
36012
36013
36014
36015
36016
36017
36018
36019
36020
36022
36023
36024
36025
36026
36027
36028
36029
36030
36031
36032
36033
36034
36035
36036
36037
36038
36039
36040
36041
36042
36043
36044
36045
36046
36047
36048
36049
36050
36051
36052
36053
36054
36055
36056
36057
36058
36059
36060
36061
36064
36065
36068
36071
36072
36073
36075
36076
36077
36078
36079
36080
36081
36082
36084
36086
36087
36088
36089
36091
36092
36093
36094
36095
36096
36098
36099
36101
36102
36103
36104
36105
36107
36108
36109
36110
36111
36118
36121
36122
36123
36124
36125
36126
36127
36128
36129
36130
36131
36133
36134
36135
36136
36137
36138
36139
36141
36142
36143
36144
36145
36146
36147
36150
36154
36156
36157
36158
36159
36160
36161
36162
36163
36167
36168
36169
36170
36171
36172
36173
36174
36176
36177
36178
36179
36180
36181
36182
36183
36184
36186
36187
36188
36189
36190
36191
36192
36193
36194
36195
36196
36197
36199
36200
36201
36202
36203
36205
36207
36208
36209
36210
36212
36213
36214
36215
36216
36217
36218
36221
36222
36223
36224
36227
36229
36230
36232
36233
36234
36235
36236
36237
36238
36239
36240
36241
36242
36243
36244
36245
36246
36248
36249
36250
36251
36252
36253
36254
36255
36256
36257
36258
36259
36260
36262
36263
36264
36265
36266
36268
36269
36270
36271
36272
36273
36275
36276
36277
36278
36279
36280
36281
36282
36283
36284
36285
36286
36287
36288
36289
36290
36292
36293
36294
36295
36297
36298
36299
36301
36302
36303
36304
36306
36307
36308
36309
36310
36311
36314
36316
36317
36318
36319
36321
36323
36324
36325
36326
36327
36328
36329
36330
36331
36332
36333
36334
36335
36336
36337
36338
36339
36340
36341
36342
36343
36344
36345
36346
36347
36348
36349
36350
36351
36352
36353
36354
36355
36356
36357
36358
36359
36360
36361
36362
36363
36364
36365
36366
36368
36371
36372
36373
36374
36375
36376
36377
36378
36379
36380
36381
36382
36383
36384
36385
36386
36387
36390
36391
36392
36393
36394
36395
36396
36397
36398
36399
36400
36401
36403
36404
36405
36406
36408
36409
36410
36411
36412
36413
36414
36415
36417
36418
36419
36420
36421
36423
36424
36425
36426
36427
36428
36429
36430
36431
36432
36433
36434
36436
36437
36438
36439
36440
36442
36444
36445
36447
36448
36449
36454
36455
36456
36457
36458
36459
36460
36461
36462
36463
36464
36465
36466
36467
36468
36469
36470
36471
36472
36473
36475
36477
36478
36479
36481
36484
36485
36486
36487
36488
36489
36491
36492
36494
36495
36496
36497
36498
36499
36501
36503
36504
36506
36507
36508
36509
36510
36511
36513
36514
36515
36516
36517
36518
36519
36520
36521
36522
36523
36524
36525
36526
36527
36528
36529
36530
36531
36532
36533
36534
36536
36537
36538
36539
36540
36541
36542
36543
36544
36545
36546
36547
36548
36549
36550
36551
36552
36554
36555
36556
36559
36560
36561
36562
36563
36564
36565
36566
36567
36568
36569
36570
36571
36573
36574
36575
36576
36577
36578
36579
36580
36581
36582
36583
36584
36585
36586
36587
36588
36589
36590
36592
36593
36594
36595
36597
36598
36600
36601
36602
36603
36604
36605
36606
36609
36612
36613
36614
36615
36616
36617
36619
36620
36621
36623
36624
36625
36626
36627
36628
36629
36630
36631
36632
36634
36635
36636
36637
36638
36639
36640
36641
36642
36643
36645
36648
36649
36650
36651
36652
36653
36654
36655
36656
36658
36661
36662
36663
36664
36665
36666
36667
36668
36669
36670
36671
36673
36674
36675
36676
36678
36679
36680
36681
36682
36683
36685
36686
36687
36688
36689
36692
36693
36694
36695
36696
36697
36698
36699
36700
36701
36702
36703
36705
36706
36708
36713
36714
36715
36716
36717
36718
36719
36720
36722
36723
36724
36725
36726
36727
36728
36730
36731
36732
36733
36736
36740
36741
36742
36743
36744
36746
36747
36748
36749
36750
36751
36752
36753
36754
36757
36758
36759
36760
36761
36762
36763
36764
36766
36767
36768
36769
36770
36771
36772
36773
36774
36775
36776
36778
36779
36780
36782
36784
36786373
36787
36788
36789
36790
36791
36792
36793
36794
36795
36797
36798
36799
36800
36801
36802
36803
36804
36805
36806
36808
36809
36810
36811
36813
36814
36815
36816
36817
36818
36819
36820
36821
36824
36825
36826
36829
36830
36831
36832
36833
36834
36838
36839
36840
36841
36843
36844
36845
36846
36847
36848
36849
36850
36851
36852
36853
36854
36855
36856
36857
36858
36859
36860
36862
36863
36864
36865
36868
36871
36872
36873
36874
36875
36876
36877
36878
36879
36880
36881
36882
36883
36886
36887
36889
36891
36893
36894
36895
36896
36897
36899
36900
36903
36904
36905
36907
36908
36909
36911
36912
36913
36914
36915
36916
36917
36918
36919
36920
36921
36922
36924
36926
36927
36930
36931
36932
36933
36934
36935
36936
36937
36938
36939
36940
36941
36942
36943
36944
36945
36948
36950
36951
36952
36953
36954
36955
36956
36957
36958
36959
36960
36961
36962
36963
36964
36965
36966
36967
36968
36969
36973
36974
36975
36976
36978
36981
36982
36984
36985
36986
36988
36989
36990
36991
36992
36993
36994
36995
36996
36997
36998
36999
37000
37002
37004
37005
37006
37007
37008
37009
37010
37011
37012
37013
37014
37015
37016
37017
37018
37019
37020
37021
37022
37024
37025
37026
37027
37028
37029
37030
37031
37032
37033
37034
37035
37036
37037
37038
37039
37040
37041
37042
37043
37044
37045
37046
37047
37051
37052
37053
37054
37055
37056
37057
37058
37059
37062
37063
37064
37065
37066
37068
37069
37070
37071
37072
37073
37075
37076
37078
37079
37080
37081
37082
37083
37084
37086
37087
37088
37089
37090
37092
37093
37094
37095
37096
37097
37098
37099
37100
37101
37102
37104
37105
37106
37107
37108
37109
37110
37111
37112
37113
37116
37117
37118
37119
37121
37122
37123
37124
37125
37126
37128
37129
37130
37131
37132
37134
37135
37136
37137
37138
37139
37140
37141
37142
37143
37144
37146
37147
37148
37149
37150
37152
37153
37155
37156
37157
37158
37159
37161
37163
37164
37165
37166
37167
37168
37170
37172
37173
37174
37175
37176
37177
37178
37179
37181
37182
37183
37184
37185
37187
37188
37189
37190
37191
37192
37194
37195
37196
37197
37198
37199
37200
37201
37202
37203
37204
37205
37206
37207
37209
37210
37211
37212
37213
37214
37215
37216
37217
37218
37220
37221
37222
37223
37224
37225
37226
37227
37228
37229
37230
37232
37233
37235
37236
37237
37238
37239
37244
37245
37246
37247
37248
37249
37251
37252
37253
37254
37255
37256
37257
37258
37259
37261
37263
37264
37265
37266
37267
37268
37269
37270
37271
37272
37273
37274
37275
37276
37277
37278
37280
37281
37282
37283
37284
37285
37286
37287
37288
37289
37290
37292
37293
37294
37295
37296
37297
37298
37299
37300
37301
37303
37304
37305
37306
37307
37308
37309
37310
37311
37312
37313
37314
37315
37316
37317
37318
37319
37322
37323
37325
37328
37329
37330
37331
37332
37334
37335
37336
37337
37339
37340
37341
37342
37343
37344
37345
37347
37348
37349
37351
37354
37355
37356
37357
37358
37359
37360
37363
37364
37366
37367
37368
37371
37372
37373
37374
37375
37376
37377
37378
37379
37381
37382
37384
37385
37386
37387
37388
37389
37390
37392
37393
37395
37397
37398
37399
37400
37401
37402
37403
37405
37407
37408
37410
37411
37412
37413
37414
37415
37416
37417
37418
37419
37420
37421
37422
37423
37427
37428
37429
37430
37431
37433
37434
37435
37437
37439
37440
37441
37443
37444
37445
37446
37447
37449
37450
37451
37453
37454
37455
37456
37458
37461
37462
37463
37464
37465
37466
37467
37468
37469
37470
37471
37472
37473
37475
37476
37477
37478
37479
37480
37481
37482
37483
37484
37485
37486
37487
37488
37489
37490
37491
37492
37493
37496
37497
37498
37500
37501
37502
37507
37509
37510
37511
37513
37514
37515
37516
37517
37518
37519
37520
37521
37522
37523
37524
37526
37527
37528
37531
37532
37533
37534
37535
37536
37537
37538
37539
37540
37541
37542
37543
37544
37545
37546
37547
37548
37549
37551
37552
37553
37554
37555
37556
37557
37558
37559
37560
37561
37562
37563
37564
37565
37566
37567
37569
37570
37571
37572
37573
37574
37575
37576
37577
37578
37579
37580
37581
37582
37585
37586
37587
37588
37589
37590
37591
37592
37593
37594
37595
37596
37597
37598
37599
37600
37601
37602
37603
37605
37606
37607
37608
37609
37610
37613
37614
37615
37617
37618
37619
37621
37622
37623
37624
37625
37626
37627
37628
37629
37631
37632
37635
37636
37637
37638
37639
37640
37641
37643
37644
37646
37647
37648
37650
37651
37652
37654
37655
37657
37659
37661
37662
37663
37664
37666
37667
37668
37669
37671
37672
37673
37674
37675
37676
37679
37680
37681
37682
37683
37684
37685
37686
37687
37688
37689
37690
37691
37692
37694
37695
37697
37698
37699
37701
37702
37703
37704
37705
37706
37707
37708
37709
37710
37711
37713
37715
37716
37717
3771723
3771724
3771728
3771729
3771730
3771732
3771733
3771734
3771736
3771738
3771749
3771756
3771760
3771771
3771774
3771779
3771783
3771784
3771785
3771792
3771798
3771803
3771806
3771809
3771816
3771818
3771838
3771854
3771856
3771872
3771875
3771877
3771879
3771890
3771891
3771893
37719
3771905
3771908
3771910
3771911
3771912
3771914
3771915
3771916
3771920
3771932
3771934
3771935
3771938
3771941
3771946
3771947
3771951
3771957
3771959
3771960
3771965
3771966
3771968
3771981
3771984
3771985
3771991
37720
3772004
3772007
3772012
3772013
3772015
3772032
3772054
3772056
3772058
3772064
3772065
3772069
3772073
3772075
3772077
3772080
3772081
3772082
3772083
3772094
3772096
3772099
37721
3772100
3772101
3772104
3772105
3772108
3772109
3772113
3772129
3772138
3772139
3772140
3772145
3772148
3772149
3772154
3772159
3772163
3772165
3772166
3772172
3772173
3772179
3772180
3772181
3772183
3772186
3772189
3772191
3772196
3772198
3772203
3772205
3772206
3772211
3772213
3772218
3772219
3772221
3772225
3772231
3772232
3772247
3772248
3772254
3772257
3772264
3772265
3772271
3772276
3772278
3772280
3772282
3772288
3772299
37723
3772305
3772314
3772317
3772319
3772322
3772325
3772329
3772334
3772336
3772338
3772344
3772345
3772346
3772349
3772351
3772359
3772360
3772367
3772370
3772374
3772375
3772381
3772382
3772383
3772396
37724
3772405
3772409
3772412
3772419
3772421
3772423
3772424
3772427
3772432
3772436
3772439
3772447
3772448
3772453
3772456
3772489
3772496
37725
3772502
3772505
3772506
3772509
3772511
3772517
3772518
3772519
3772524
3772538
3772540
3772541
3772542
3772552
3772556
3772559
3772560
3772565
3772566
3772569
3772574
3772575
3772576
3772580
3772581
3772583
37726
3772600
3772602
3772603
3772607
3772618
3772619
3772625
3772632
3772638
3772640
3772641
3772646
3772655
3772658
3772662
3772665
3772666
3772670
3772676
3772677
3772680
3772691
3772692
37727
3772702
3772708
3772715
3772719
37728
37729
37730
37731
37732
37733
37734
37735
37736
37737
37738
37739
37741
37742
37743
37744
37746
37748
37749
37750
37751
37754
37755
37756
37757
37758
37759
37760
37761
37762
37763
37765
37766
37767
37768
37769
37770
37771
37772
37774
37775
37776
37778
37780
37781
37782
37783
37784
37785
37786
37787
37788
37789
37790
37791
37792
37793
37794
37795
37797
37798
37800
37801
37803
37804
37805
37806
37807
37808
37809
37810
37811
37813
37814
37815
37817
37818
37820
37822
37823
37824
37825
37830
37831
37832
37833
37834
37836
37837
37838
37839
37840
37841
37842
37843
37844
37845
37846
37849
37850
37851
37852
37853
37854
37855
37856
37857
37858
37859
37860
37861
37862
37863
37864
37866
37867
37869
37871
37872
37873
37874
37875
37876
37877
37879
37881
37882
37883
37884
37885
37886
37887
37888
37889
37890
37891
37892
37893
37894
37895
37897
37898
37899
37900
37901
37902
37903
37904
37905
37906
37907
37909
37910
37911
37912
37914
37916
37917
37918
37919
37920
37921
37922
37923
37924
37925
37926
37927
37928
37929
37930
37931
37932
37933
37934
37935
37936
37937
37938
37939
37940
37941
37942
37943
37944
37945
37946
37947
37948
37949
37950
37953
37954
37956
37957
37959
37960
37961
37962
37963
37964
37965
37966
37967
37968
37970
37971
37972
37973
37974
37977
37978
37979
37980
37981
37982
37983
37985
37986
37987
37988
37989
37990
37991
37992
37993
37994
37995
37996
37997
37998
37999
38000
38001
38002
38003
38004
38005
38006
38007
38009
38011
38012
38013
38015
38016
38017
38019
38020
38021
38022
38023
38024
38026
38027
38028
38029
38031
38032
38033
38034
38036
38037
38044
38045
38046
38047
38049
38050
38055
38056
38057
38058
38059
38060
38062
38063
38064
38065
38066
38067
38068
38069
38070
38071
38072
38073
38074
38075
38076
38077
38078
38079
38080
38081
38082
38083
38084
38085
38086
38087
38088
38089
38090
38091
38092
38093
38094
38095
38096
38097
38098
38099
38100
38101
38102
38103
38104
38106
38107
38109
38113
38116
38120
38121
38122
38124
38125
38127
38128
38129
38130
38131
38133
38134
38135
38136
38137
38138
38141
38142
38144
38145
38146
38147
38148
38149
38150
38151
38152
38153
38154
38155
38156
38157
38159
38160
38161
38163
38164
38165
38167
38168
38169
38170
38173
38174
38175
38176
38177
38178
38180
38181
38182
38183
38184
38185
38186
38187
38190
38192
38193
38194
38195
38196
38197
38198
38199
38200
38201
38202
38203
38204
38205
38206
38207
38208
38209
38210
38211
38212
38214
38216
38217
38218
38219
38220
38221
38222
38223
38224
38226
38227
38228
38229
38230
38231
38232
38233
38235
38238
38239
38240
38241
38242
38243
38244
38246
38247
38248
38249
38251
38252
38254
38255
38256
38257
38258
38259
38261
38262
38263
38264
38273
38274
38277
38278
38280
38281
38282
38283
38284
38285
38286
38287
38288
38290
38291
38292
38293
38294
38295
38296
38298
38299
38300
38301
38302
38303
38304
38306
38310
38311
38313
38315
38321
38322
38323
38324
38325
38326
38327
38328
38329
38330
38331
38332
38337
38338
38340
38341
38342
38343
38344
38345
38346
38347
38350
38351
38352
38354
38355
38356
38357
38358
38360
38362
38363
38364
38365
38367
38369
38370
38371
38372
38373
38374
38375
38376
38378
38379
38381
38382
38383
38384
38385
38386
38387
38388
38389
38390
38391
38392
38393
38395
38396
38397
38398
38399
38400
38401
38402
38403
38404
38405
38406
38407
38408
38409
38410
38411
38412
38413
38414
38415
38416
38418
38419
38420
38421
38422
38423
38424
38427
38428
38429
38430
38432
38433
38434
38435
38436
38437
38438
38440
38443
38444
38445
38446
38447
38448
38451
38452
38453
38454
38455
38456
38457
38459
38461
38462
38463
38464
38465
38466
38467
38468
38469
38470
38471
38472
38473
38477
38478
38479
38480
38484
38485
38486
38487
38488
38489
38490
38491
38492
38493
38494
38495
38496
38499
38500
38501
38502
38503
38504
38505
38506
38508
38509
38510
38511
38513
38514
38515
38516
38517
38518
38519
38520
38521
38522
38523
38525
38526
38527
38528
38529
38530
38531
38532
38533
38534
38535
38538
38539
38540
38541
38542
38543
38544
38545
38546
38547
38548
38549
38550
38552
38553
38554
38555
38556
38557
38558
38559
38560
38561
38562
38565
38567
38571
38572
38573
38574
38575
38576
38578
38579
38580
38581
38582
38583
38584
38586
38587
38588
38589
38590
38591
38592
38593
38594
38595
38596
38597
38598
38599
38600
38601
38602
38603
38605
38608
38610
38611
38612
38613
38614
38615
38616
38619
38620
38622
38623
38624
38628
38629
38630
38631
38632
38633
38634
38635
38636
38637
38638
38639
38640
38643
38644
38645
38646
38647
38648
38649
38651
38652
38653
38654
38655
38656
38657
38658
38659
38660
38661
38662
38663
38664
38665
38666
38667
38668
38669
38674
38675
38677
38679
38680
38681
38682
38683
38684
38685
38687
38688
38689
38691
38692
38693
38694
38695
38696
38697
38698
38700
38701
38702
38703
38706
38707
38708
38709
38710
38711
38712
38713
38714
38715
38716
38717
38718
38719
38720
38721
38722
38723
38724
38725
38726
38727
38728
38730
38732
38733
38734
38735
38736
38738
38740
38741
38742
38743
38744
38745
38746
38747
38748
38749
38750
38751
38752
38753
38754
38755
38756
38757
38758
38760
38761
38762
38763
38764
38765
38766
38768
38769
38771
38772
38773
38774
38775
38779
38780
38781
38782
38783
38784
38785
38786
38788
38791
38792
38793
38794
38795
38796
38797
38798
38799
38800
38801
38805
38806
38807
38808
38809
38810
38811
38812
38813
38814
38815
38816
38817
38818
38819
38820
38821
38823
38824
38825
38826
38828
38829
38830
38831
38832
38833
38835
38836
38837
38838
38839
38840
38842
38843
38844
38845
38846
38847
38848
38849
38850
38851
38852
3885565
3885567
3885569
3885570
3885573
3885575
3885577
3885583
3885584
3885585
3885587
3885588
3885589
3885592
3885594
3885596
3885597
3885598
3885599
3885601
3885602
3885603
3885606
3885607
3885611
3885612
3885616
3885617
3885619
3885620
3885627
3885628
3885632
3885633
3885636
3885637
3885638
3885639
3885640
3885642
3885643
3885644
3885645
3885646
3885647
3885648
3885650
3885654
3885655
3885656
3885660
3885664
3885665
3885667
3885668
38857
38858
38859
38863
38864
38865
38866
38868
38869
38870
38871
38872
38873
38876
38878
38879
38880
38881
38883
38884
38885
38886
38887
38888
38889
38890
38891
38893
38895
38897
38898
38900
38901
38904
38905
38906
38907
38909
38910
38911
38912
38913
38914
38915
38916
38917
38918
38919
38920
38921
38922
38923
38924
38928
38929
38930
38931
38932
38933
38934
38935
38936
38937
38938
38940
38941
38942
38943
38944
38945
38946
38952
38953
38954
38955
38956
38957
38958
38959
38961
38963
38964
38966
38968
38969
38970
38971
38972
38973
38974
38975
38976
38978
38979
38981
38982
38983
38984
38985
38986
38987
38988
38989
38990
38992
38993
38994
38995
38997
38998
38999
39000
39001
39002
39003
39004
39005
39007
39008
39010
39011
39012
39013
39014
39015
39016
39017
39018
39020
39022
39023
39024
39025
39026
39027
39028
39030
39031
39032
39033
39034
39035
39036
39037
39038
39039
39040
39041
39043
39044
39048
39049
39050
39051
39052
39054
39055
39056
39057
39058
39062
39063
39064
39065
39066
39067
39068
39069
39070
39071
39074
39075
39076
39077
39078
39079
39081
39082
39083
39084
39085
39086
39088
39089
39090
39091
39092
39093
39094
39095
39096
39097
39098
39099
39102
39103
39104
39105
39106
39107
39108
39109
39110
39111
39114
39115
39116
39118
39119
39120
39121
39122
39123
39124
39125
39127
39129
39130
39131
39132
39133
39134
39135
39136
39137
39138
39139
39141
39142
39143
39144
39145
39147
39148
39149
39150
39151
39152
39153
39156
39157
39158
39159
39160
39161
39164
39165
39166
39167
39168
39169
39172
39173
39174
39175
39177
39178
39179
39180
39181
39183
39186
39188
39189
39191
39193
39194
39195
39196
39197
39198
39201
39202
39203
39204
39205
39206
39207
39208
39210
39212
39213
39214
39215
39216
39217
39218
39219
39220
39221
39222
39223
39224
39225
39226
39227
39228
39230
39231
39232
39233
39234
39235
39237
39238
39240
39241
39243
39244
39245
39246
39248
39250
39251
39252
39253
39254
39255
39256
39257
39258
39259
39260
39261
39262
39263
39264
39265
39266
39267
39268
39269
39270
39271
39272
39273
39274
39275
39276
39277
39278
39279
39280
39281
39282
39284
39285
39288
39289
39293
39294
39297
39300
39301
39302
39304
39305
39306
39307
39308
39309
39310
39311
39313
39314
39315
39316
39317
39318
39319
39320
39321
39322
39323
39324
39325
39326
39327
39328
39329
39330
39331
39332
39333
39334
39335
39336
39337
39338
39339
39340
39343
39344
39345
39346
39347
39348
39349
39351
39352
39353
39354
39355
39356
39357
39359
39360
39362
39363
39364
39365
39366
39367
39368
39369
39373
39374
39375
39376
39377
39378
39381
39382
39383
39385
39386
39387
39388
39389
39390
39391
39392
39393
39394
39395
39396
39397
39399
39400
39402
39403
39404
39405
39406
39408
39409
39410
39411
39413
39414
39415
39417
39418
39419
39420
39421
39422
39423
39424
39425
39426
39428
39429
39430
39431
39432
39433
39434
39435
39436
39437
39438
39439
39440
39441
39443
39444
39445
39446
39447
39448
39450
39451
39452
39453
39454
39455
39456
39457
39458
39459
39460
39461
39462
39463
39464
39465
39466
39467
39469
39470
39471
39472
39474
39475
39476
39477
39478
39479
39480
39481
39483
39484
39485
39486
39487
39489
39490
39491
39492
39493
39494
39496
39497
39498
39499
39500
39501
39502
39504
39505
39506
39507
39508
39509
39510
39511
39512
39513
39514
39515
39516
39517
39518
39520
39521
39522
39523
39524
39525
39527
39528
39529
39530
39531
39533
39535
39536
39537
39539
39540
39541
39542
39543
39545
39546
39547
39548
39549
39550
39551
39552
39554
39555
39556
39557
39558
39559
39560
39561
39564
39565
39566
39567
39569
39570
39571
39572
39573
39574
39575
39577
39579
39580
39581
39582
39583
39585
39586
39587
39588
39592
39593
39594
39596
39597
39598
39599
39600
39601
39602
39603
39604
39608
39609
39610
39611
39612
39613
39615
39616
39617
39619
39620
39621
39623
39624
39625
39626
39627
39628
39629
39630
39633
39634
39635
39636
39637
39638
39641
39643
39644
39645
39646
39647
39648
39649
39650
39651
39652
39653
39654
39655
39656
39657
39658
39659
39660
39661
39662
39663
39665
39666
39667
39668
39669
39670
39671
39672
39673
39675
39676
39677
39678
39679
39681
39682
39683
39684
39685
39686
39687
39688
39689
39690
39691
39693
39694
39695
39696
39697
39700
39701
39703
39704
39706
39707
39708
39709
39710
39711
39712
39713
39714
39715
39716
39717
39719
39720
39721
39722
39724
39725
39726
39727
39730
39732
39733
39734
39735
39736
39737
39738
39739
39740
39741
39742
39744
39745
39746
39747
39748
39749
39750
39751
39752
39753
39756
39757
39758
39759
39760
39761
39762
39763
39764
39765
39766
39768
39769
39770
39771
39772
39773
39774
39775
39776
39777
39778
39779
39780
39781
39782
39783
39784
39785
39786
39787
39788
39789
39790
39791
39792
39793
39794
39795
39796
39797
39798
39799
39801
39802
39803
39804
39805
39806
39807
39808
39809
39810
39811
39812
39813
39814
39815
39816
39817
39818
39819
39820
39821
39824
39825
39826
39827
39828
39829
39831
39833
39834
39835
39836
39839
39840
39841
39842
39843
39844
39845
39846
39847
39849
39850
39854
39855
39856
39857
39858
39860
39861
39862
39863
39864
39865
39866
39867
39868
39869
39870
39871
39872
39873
39874
39875
39876
39877
39878
39879
39880
39881
39882
39883
39884
39885
39886
39887
39888
39889
39894
39895
39896
39897
39899
39900
39902
39903
39904
39905
39906
39907
39908
39909
39910
39914
39915
39916
39917
39918
39919
39922
39923
39924
39925
39926
39927
39928
39929
39930
39931
39932
39933
39934
39935
39936
39937
39938
39939
39940
39941
39943
39944
39945
39947
39948
39949
39950
39951
39952
39953
39954
39955
39956
39957
39958
39959
39960
39961
39962
39964
39965
39966
39969
39970
39972
39973
39974
39975
39976
39977
39978
39979
39980
39981
39982
39983
39984
39985
39986
39987
39988
39989
39990
39991
39992
39993
39994
39995
39996
39997
39998
39999
40000
40001
40002
40003
40004
40005
40007
40008
40009
40010
40011
40012
40013
40014
40015
40016
40017
40019
40020
40021
40023
40024
40025
40026
40028
40029
40030
40031
40032
40033
40034
40035
40036
40037
40038
40039
40040
40041
40042
40043
40044
40045
40046
40047
40048
40049
40050
40051
40052
40053
40054
40055
40056
40057
40059
40060
40061
40062
40063
40064
40065
40066
40067
40068
40069
40070
40071
40072
40073
40074
40075
40078
40079
40080
40081
40083
40084
40085
40086
40087
40088
40090
40091
40092
40093
40094
40095
40096
40097
40098
40099
40100
40101
40102
40104
40105
40109
40111
40112
40113
40114
40115
40116
40117
40118
40119
40120
40121
40122
40123
40124
40126
40127
40128
40129
40130
40131
40132
40133
40134
40135
40136
40137
40138
40139
40140
40141
40142
40143
40144
40145
40146
40147
40148
40149
40150
40152
40153
40154
40155
40156
40157
40158
40159
40160
40161
40162
40164
40165
40167
40168
40170
40171
40172
40173
40174
40176
40177
40178
40179
40180
40181
40182
40183
40184
40185
40186
40187
40188
40189
40190
40191
40192
40193
40195
40196
40197
40198
40199
40200
40201
40202
40203
40204
40205
40207
40209
40210
40211
40212
40213
40214
40215
40216
40217
40218
40220
40221
40222
40224
40225
40226
40228
40229
40231
40232
40233
40234
40235
40236
40239
40240
40241
40242
40243
40245
40246
40247
40248
40249
40250
40252
40254
40255
40256
40257
40258
40259
40260
40261
40262
40263
40264
40265
40266
40267
40268
40269
40270
40271
40272
40273
40274
40275
40276
40278
40279
40280
40281
40282
40283
40284
40285
40286
40287
40288
40289
40291
40292
40293
40294
40295
40296
40297
40298
40299
40300
40301
40302
40303
40304
40305
40307
40308
40309
40310
40313
40314
40315
40316
40317
40318
40319
40321
40323
40324
40325
40326
40327
40330
40331
40332
40333
40335
40336
40339
40340
40341
40342
40343
40345
40346
40347
40348
40349
40350
40351
40352
40353
40354
40355
40356
40357
40358
40359
40360
40361
40362
40363
40365
40366
40367
40368
40369
40370
40371
40372
40373
40374
40375
40376
40377
40378
40381
40382
40383
40384
40385
40386
40388
40389
40390
40391
40392
40393
40394
40395
40396
40398
40399
40400
40401
40402
40403
40404
40406
40408
40409
40410
40411
40412
40414
40415
40416
40417
40418
40419
40420
40421
40422
40423
40424
40425
40427
40428
40429
40430
40431
40432
40433
40434
40435
40436
40437
40438
40439
40441
40442
40443
40444
40445
40447
40448
40449
40450
40451
40453
40456
40457
40458
40459
40461
40462
40464
40467
40468
40469
40470
40471
40472
40474
40475
40476
40477
40479
40480
40481
40482
40484
40485
40486
40487
40488
40489
40490
40491
40492
40495
40497
40501
40502
40503
40504
40505
40506
40507
40508
40509
40510
40511
40512
40513
40514
40515
40517
40521
40522
40524
40526
40527
40528
40529
40530
40532
40534
40535
40536
40537
40538
40539
40540
40541
40542
40543
40544
40545
40546
40547
40548
40549
40551
40552
40553
40554
40555
40556
40557
40558
40559
40560
40562
40563
40564
40565
40566
40567
40568
40569
40574
40575
40576
40577
40578
40579
40580
40581
40582
40583
40587
40588
40589
40590
40593
40594
40595
40596
40598
40599
40600
40602
40603
40604
40605
40606
40607
40608
40610
40611
40612
40613
40614
40615
40616
40617
40618
40619
40620
40621
40622
40623
40624
40626
40627
40628
40629
40630
40632
40633
40635
40637
40638
40639
40640
40642
40643
40644
40646
40647
40648
40649
40650
40651
40652
40653
40654
40655
40656
40657
40659
40660
40661
40663
40664
40665
40666
40667
40668
40669
40670
40671
40672
40673
40675
40676
40677
40678
40679
40680
40681
40682
40683
40684
40685
40686
40687
40689
40690
40691
40692
40693
40694
40695
40696
40697
40698
40699
40700
40701
40702
40704
40706
40707
40708
40709
40710
40711
40712
40713
40714
40715
40716
40717
40718
40719
40720
40721
40722
40723
40724
40725
40726
40727
40728
40729
40732
40733
40737
40738
40739
40740
40741
40743
40744
40745
40746
40747
40748
40749
40751
40752
40754
40755
40756
40757
40758
40759
40760
40761
40762
40763
40765
40766
40767
40768
40769
40770
40771
40772
40774
40775
40776
40777
40778
40779
40780
40781
40782
40783
40785
40786
40787
40788
40789
40790
40791
40792
40793
40794
40795
40796
40797
40798
40800
40803
40804
40805
40806
40807
40809
40810
40811
40812
40813
40814
40815
40816
40817
40818
40819
40820
40821
40822
40823
40824
40825
40826
40827
40828
40830
40831
40832
40833
40834
40835
40836
40837
40838
40839
40840
40841
40842
40843
40844
40846
40847
40848
40849
40850
40851
40852
40853
40856
40857
40858
40859
40860
40861
40862
40863
40864
40865
40866
40867
40868
40869
40870
40871
40872
40873
40874
40875
40876
40879
40883
40884
40885
40886
40887
40888
40889
40890
40891
40892
40893
40894
40896
40897
40898
40899
40900
40901
40902
40903
40904
40905
40906
40907
40908
40909
40912
40913
40915
40916
40917
40918
40919
40920
40921
40922
40923
40924
40925
40928
40929
40931
40932
40933
40934
40935
40936
40937
40938
40940
40941
40942
40943
40944
40945
40946
40947
40948
40949
40950
40952
40953
40955
40956
40957
40958
40959
40960
40961
40962
40963
40964
40965
40966
40967
40970
40972
40973
40974
40975
40976
40977
40978
40979
40980
40981
40982
40983
40984
40985
40986
40987
40988
40989
40990
40991
40992
40993
40994
40995
40996
40997
40998
40999
41000
41001
41006
41007
41008
41009
41010
41011
41013
41014
41017
41018
41019
41020
41021
41022
41023
41025
41026
41027
41028
41029
41030
41031
41032
41033
41034
41035
41036
41037
41038
41039
41040
41041
41042
41043
41044
41045
41046
41047
41048
41052
41054
41055
41056
41057
41058
41059
41060
41062
41066
41067
41068
41069
41070
41071
41072
41073
41074
41075
41076
41078
41079
41080
41081
41082
41083
41084
41085
41086
41087
41089
41090
41091
41092
41093
41094
41095
41096
41097
41098
41100
41101
41102
41103
41104
41105
41107
41108
41109
41110
41111
41112
41113
41114
41116
41117
41118
41119
41120
41121
41122
41123
41124
41125
41126
41132
41133
41135
41136
41137
41138
41139
41140
41141
41143
41144
41145
41147
41148
41149
41150
41151
41152
41153
41154
41155
41156
41157
41158
41159
41160
41161
41162
41163
41164
41165
41166
41167
41168
41169
41170
41171
41172
41173
41174
41175
41176
41177
41178
41179
41180
41181
41182
41183
41184
41185
41187
41189
41190
41191
41192
41193
41194
41195
41197
41198
41199
41200
41201
41202
41203
41204
41205
41206
41207
41208
41209
41210
41211
41212
41213
41214
41215
41217
41219
41221
41222
41225
41226
41227
41228
41229
41230
41231
41232
41233
41235
41236
41238
41239
41242
41244
41246
41247
41248
41249
41250
41252
41253
41254
41256
41259
41260
41261
41262
41263
41264
41265
41266
41268
41269
41270
41271
41272
41273
41274
41275
41278
41279
41280
41281
41282
41283
41284
41285
41286
41287
41288
41289
41290
41291
41292
41293
41294
41295
41296
41297
41298
41300
41302
41303
41304
41305
41306
41307
41308
41309
41310
41311
41312
41313
41314
41316
41317
41318
41319
41320
41321
41324
41326
41330
41333
41334
41337
41339
41340
41341
41342
41343
41344
41345
41346
41347
41348
41349
41350
41351
41352
41353
41354
41355
41357
41358
41359
41360
41361
41362
41363
41364
41365
41366
41367
41368
41369
41370
41371
41372
41373
41374
41375
41376
41377
41379
41381
41383
41384
41387
41388
41389
41390
41391
41392
41393
41394
41395
41396
41397
41398
41399
41401
41403
41404
41406
41407
41408
41409
41410
41411
41412
41413
41414
41415
41416
41417
41419
41420
41423
41425
41426
41427
41428
41431
41432
41433
41434
41436
41437
41438
41440
41441
41442
41443
41445
41446
41447
41448
41449
41450
41451
41452
41453
41454
41455
41456
41457
41458
41459
41460
41461
41462
41465
41466
41467
41468
41469
41470
41472
41473
41474
41475
41476
41477
41479
41480
41481
41482
41483
41484
41486
41487
41488
41489
41490
41491
41493
41494
41495
41496
41498
41499
41500
41502
41503
41511
41512
41513
41518
41520
41521
41522
41524
41525
41526
41528
41529
41530
41531
41532
41533
41536
41537
41538
41539
41540
41541
41542
41543
41547
41549
41550
41551
41552
41554
41555
41556
41557
41558
41559
41560
41561
41562
41563
41565
41566
41567
41568
41569
41570
41571
41573
41574
41575
41576
41578
41579
41580
41581
41583
41585
41586
41587
41588
41589
41590
41591
41592
41593
41595
41596
41597
41598
41599
41600
41601
41602
41605
41606
41607
41608
41609
41610
41611
41612
41615
41616
41619
41620
41621
41622
41623
41624
41625
41626
41627
41628
41629
41630
41631
41632
41633
41634
41635
41636
41638
41639
41640
41641
41642
41643
41644
41645
41646
41647
41648
41649
41650
41651
41652
41653
41654
41656
41657
41658
41659
41660
41661
41662
41663
41665
41666
41668
41670
41671
41672
41673
41674
41675
41676
41677
41678
41679
41680
41682
41686
41687
41688
41689
41690
41693
41694
41695
41697
41698
41699
41700
41701
41702
41703
41704
41706
41707
41708
41709
41710
41711
41712
41713
41714
41715
41716
41717
41718
41719
41720
41721
41722
41723
41724
41725
41726
41727
41728
41729
41730
41731
41733
41734
41735
41736
41737
41738
41739
41740
41741
41742
41743
41744
41745
41746
41747
41748
41749
41756
41757
41758
41759
41760
41761
41762
41763
41764
41765
41766
41767
41768
41770
41771
41772
41773
41774
41775
41776
41777
41778
41779
41780
41783
41784
41785
41786
41787
41788
41789
41790
41791
41795
41797
41798
41800
41801
41802
41803
41804
41805
41806
41807
41809
41810
41811
41815
41816
41817
41820
41821
41822
41823
41824
41825
41826
41829
41830
41831
41832
41833
41834
41835
41836
41837
41838
41839
41840
41841
41842
41843
41844
41845
41846
41847
41848
41849
41850
41852
41853
41854
41855
41857
41858
41859
41860
41861
41862
41863
41864
41865
41866
41867
41868
41869
41870
41871
41872
41873
41875
41876
41877
41879
41880
41882
41883
41884
41885
41887
41888
41890
41891
41892
41893
41894
41895
41896
41897
41899
41900
41901
41902
41903
41904
41905
41906
41907
41908
41910
41911
41912
41913
41914
41916
41917
41919
41920
41921
41922
41925
41926
41927
41929
41930
41931
41932
41934
41935
41936
41937
41938
41939
41940
41941
41942
41943
41944
41945
41948
41949
41951
41952
41953
41954
41955
41957
41958
41959
41960
41961
41962
41963
41964
41965
41967
41968
41971
41972
41973
41975
41977
41978
41979
41981
41982
41983
41984
41985
41986
41987
41988
41989
41990
41991
41992
41993
41994
41995
41996
41997
42000
42001
42002
42003
42004
42005
42006
42007
42008
42013
42014
42015
42016
42017
42018
42019
42020
42021
42022
42023
42024
42025
42026
42027
42028
42029
42030
42032
42034
42036
42037
42041
42043
42044
42045
42046
42047
42048
42049
42050
42051
42053
42054
42055
42056
42057
42058
42059
42060
42061
42062
42063
42064
42065
42066
42067
42068
42069
42070
42071
42072
42073
42074
42075
42076
42077
42078
42079
42080
42082
42084
42086
42087
42089
42091
42092
42093
42094
42095
42096
42097
42098
42099
42100
42101
42102
42103
42105
42106
42109
42110
42113
42114
42115
42116
42117
42118
42119
42120
42121
42122
42123
42124
42125
42126
42127
42128
42129
42130
42131
42132
42133
42134
42135
42136
42137
42139
42140
42141
42142
42143
42144
42145
42146
42148
42150
42152
42158
42159
42160
42161
42162
42163
42164
42165
42166
42169
42171
42172
42173
42174
42175
42176
42177
42178
42179
42180
42181
42182
42183
42184
42185
42186
42187
42188
42189
42191
42192
42194
42195
42196
42197
42199
42201
42203
42204
42206
42207
42208
42209
42210
42211
42212
42213
42214
42215
42216
42218
42220
42221
42222
42226
42228
42230
42232
42233
42234
42235
42236
42237
42239
42240
42242
42243
42244
42245
42246
42248
42249
42250
42251
42252
42253
42254
42256
42257
42258
42259
42260
42261
42262
42264
42265
42266
42267
42268
42269
42271
42272
42273
42274
42279
42280
42281
42282
42283
42284
42285
42286
42287
42289
42290
42291
42292
42293
42294
42295
42296
42297
42298
42299
42300
42301
42302
42303
42305
42306
42307
42308
42309
42310
42311
42312
42313
42314
42315
42316
42318
42319
42320
42322
42323
42324
42325
42326
42327
42328
42333
42334
42335
42336
42337
42338
42339
42340
42341
42342
42343
42344
42345
42347
42348
42350
42351
42352
42353
42354
42355
42356
42357
42358
42359
42360
42361
42362
42363
42364
42366
42367
42368
42369
42370
42371
42373
42374
42375
42376
42377
42379
42380
42381
42382
42385
42386
42387
42388
42389
42390
42391
42392
42393
42394
42396
42397
42398
42399
42400
42401
42402
42409
42410
42412
42413
42415
42416
42421
42422
42424
42425
42426
42428
42429
42431
42432
42433
42434
42435
42436
42437
42438
42439
42440
42443
42444
42445
42446
42447
42449
42450
42451
42452
42453
42454
42455
42456
42457
42460
42462
42463
42464
42465
42466
42467
42468
42469
42470
42471
42473
42474
42475
42476
42477
42478
42481
42482
42483
42484
42485
42486
42487
42488
42489
42490
42491
42492
42493
42494
42495
42496
42497
42498
42499
42500
42501
42502
42503
42504
42505
42506
42507
42508
42509
42510
42512
42513
42514
42515
42516
42517
42518
42519
42520
42521
42522
42523
42524
42525
42526
42527
42528
42529
42530
42531
42536
42537
42538
42539
42540
42541
42542
42543
42544
42545
42547
42548
42549
42550
42551
42552
42553
42554
42556
42557
42558
42560
42561
42562
42563
42564
42567
42568
42571
42572
42573
42574
42575
42576
42577
42578
42579
42580
42581
42582
42583
42585
42586
42587
42588
42589
42590
42591
42592
42593
42594
42595
42596
42597
42598
42599
42600
42601
42602
42606
42608
42609
42610
42611
42612
42613
42614
42615
42616
42617
42618
42619
42620
42621
42622
42624
42625
42626
42627
42628
42629
42630
42632
42633
42634
42635
42636
42637
42638
42641
42642
42643
42644
42645
42646
42647
42648
42649
42650
42651
42652
42653
42654
42655
42656
42657
42658
42659
42661
42662
42663
42664
42665
42668
42669
42670
42671
42672
42676
42678
42679
42680
42681
42682
42683
42684
42685
42686
42687
42689
42690
42691
42692
42693
42694
42695
42696
42697
42698
42699
42700
42701
42702
42703
42704
42705
42706
42707
42708
42709
42710
42711
42712
42715
42716
42717
42718
42719
42720
42721
42723
42726
42727
42728
42729
42730
42731
42732
42733
42734
42735
42736
42737
42738
42739
42740
42742
42743
42745
42747
42748
42749
42750
42751
42752
42753
42754
42755
42756
42757
42758
42759
42761
42762
42763
42764
42765
42766
42767
42768
42769
42770
42772
42773
42774
42775
42776
42777
42778
42780
42781
42782
42783
42784
42787
42788
42789
42790
42791
42793
42794
42795
42796
42797
42798
42799
42800
42801
42802
42803
42804
42805
42806
42807
42808
42809
42810
42811
42812
42813
42814
42816
42817
42819
42820
42821
42822
42823
42824
42825
42826
42827
42828
42829
42830
42831
42832
42833
42834
42835
42836
42838
42839
42840
42841
42842
42843
42844
42845
42846
42848
42849
42850
42851
42852
42853
42854
42855
42857
42858
42859
42860
42861
42862
42863
42864
42865
42866
42867
42869
42870
42871
42872
42873
42874
42875
42876
42877
42879
42880
42881
42882
42883
42885
42888
42889
42890
42891
42892
42893
42894
42895
42896
42897
42898
42899
42900
42901
42903
42904
42905
42906
42907
42909
42910
42911
42912
42913
42914
42915
42916
42917
42918
42919
42920
42921
42922
42923
42924
42925
42926
42927
42928
42929
42930
42931
42933
42934
42935
42936
42937
42939
42940
42941
42942
42943
42944
42945
42946
42947
42948
42950
42951
42952
42953
42954
42955
42956
42957
42958
42959
42960
42961
42962
42963
42964
42965
42967
42968
42969
42970
42971
42972
42973
42975
42976
42978
42979
42981
42982
42983
42984
42985
42986
42987
42988
42990
42991
42992
42993
42994
42995
42996
42998
42999
43000
43001
43002
43003
43004
43005
43006
43007
43008
43009
43010
43011
43012
43014
43015
43016
43017
43018
43019
43020
43023
43025
43026
43028
43029
43030
43031
43033
43034
43035
43036
43037
43038
43039
43040
43041
43042
43043
43044
43046
43050
43051
43052
43053
43054
43055
43056
43057
43058
43059
43060
43061
43062
43063
43064
43065
43066
43067
43068
43069
43070
43071
43072
43073
43074
43077
43078
43079
43080
43081
43083
43084
43085
43086
43087
43088
43089
43090
43091
43092
43093
43095
43096
43098
43099
43100
43101
43102
43103
43104
43105
43110
43111
43112
43113
43114
43115
43116
43117
43118
43120
43121
43122
43124
43125
43126
43127
43128
43130
43132
43133
43134
43135
43136
43142
43145
43146
43148
43149
43150
43151
43152
43153
43154
43155
43156
43157
43158
43159
43160
43161
43162
43163
43164
43165
43166
43167
43168
43169
43170
43171
43174
43176
43177
43178
43179
43180
43181
43182
43183
43184
43185
43186
43188
43189
43190
43191
43192
43193
43194
43195
43196
43197
43200
43201
43202
43203
43204
43205
43206
43207
43208
43209
43210
43212
43213
43214
43215
43216
43217
43218
43220
43221
43222
43223
43227
43228
43229
43230
43231
43232
43233
43234
43235
43236
43238
43239
43240
43241
43242
43243
43244
43245
43246
43247
43248
43249
43250
43251
43252
43253
43255
43256
43257
43258
43259
43260
43261
43262
43263
43264
43265
43266
43267
43268
43269
43270
43271
43273
43274
43275
43276
43277
43278
43279
43281
43282
43283
43284
43286
43287
43288
43289
43290
43291
43292
43293
43294
43295
43296
43298
43300
43303
43304
43305
43306
43307
43308
43309
43310
43311
43312
43314
43315
43316
43317
43318
43319
43321
43323
43324
43325
43326
43327
43328
43329
43330
43331
43332
43333
43334
43341
43342
43343
43344
43345
43347
43348
43349
43350
43351
43352
43353
43354
43355
43356
43357
43358
43359
43360
43362
43367
43369
43370
43373
43374
43375
43377
43378
43379
43382
43383
43384
43385
43386
43387
43388
43389
43390
43391
43392
43393
43394
43395
43396
43397
43398
43399
43400
43401
43402
43404
43408
43410
43411
43412
43413
43414
43415
43416
43417
43420
43421
43422
43423
43424
43425
43426
43427
43428
43429
43430
43431
43432
43433
43434
43435
43436
43437
43438
43439
43440
43441
43442
43443
43444
43445
43446
43447
43448
43449
43450
43451
43453
43454
43456
43457
43459
43460
43461
43462
43463
43466
43467
43469
43471
43472
43473
43474
43475
43476
43477
43479
43480
43481
43482
43483
43484
43485
43486
43487
43488
43489
43490
43491
43492
43493
43494
43495
43496
43497
43498
43499
43500
43501
43502
43503
43504
43505
43506
43507
43508
43511
43512
43513
43514
43515
43516
43517
43518
43521
43522
43523
43526
43528
43529
43530
43531
43532
43533
43535
43537
43538
43539
43541
43542
43543
43544
43545
43546
43547
43548
43549
43550
43551
43552
43554
43555
43556
43557
43558
43559
43560
43561
43562
43563
43564
43565
43566
43567
43568
43569
43570
43571
43572
43573
43574
43575
43576
43577
43578
43579
43580
43581
43582
43583
43584
43585
43586
43587
43588
43589
43590
43591
43592
43593
43594
43595
43596
43597
43598
43599
43600
43601
43602
43603
43604
43607
43608
43609
43610
43611
43612
43613
43614
43615
43616
43617
43618
43620
43621
43622
43623
43624
43625
43626
43627
43628
43629
43630
43633
43634
43635
43636
43637
43638
43639
43640
43642
43643
43644
43645
43646
43647
43648
43649
43650
43651
43652
43654
43655
43656
43657
43658
43659
43660
43661
43662
43663
43664
43665
43666
43667
43668
43669
43670
43671
43672
43673
43676
43677
43678
43679
43680
43681
43682
43683
43687
43688
43689
43690
43691
43692
43693
43694
43695
43696
43697
43698
43699
43700
43701
43702
43703
43707
43708
43709
43710
43712
43713
43714
43715
43716
43717
43718
43719
43720
43721
43722
43723
43724
43725
43726
43727
43728
43729
43730
43731
43734
43735
43736
43737
43738
43739
43740
43741
43742
43743
43744
43745
43746
43747
43748
43749
43750
43751
43753
43754
43755
43756
43757
43758
43761
43762
43764
43765
43766
43767
43768
43769
43770
43771
43772
43774
43775
43777
43779
43780
43781
43782
43783
43785
43786
43787
43788
43789
43791
43792
43793
43794
43795
43796
43797
43798
4379817
4379834
4379844
4379850
4379851
4379852
4379854
4379856
4379860
4379861
4379863
4379864
4379865
4379866
4379870
4379878
4379879
4379880
4379884
4379885
4379886
4379887
4379888
4379889
4379890
4379891
4379892
4379897
43799
4379900
4379907
4379908
4379909
4379911
4379912
4379919
43800
43803
43804
43805
43806
43808
43809
43810
43811
43812
43814
43816
43819
43820
43822
43823
43824
43825
43826
43827
43828
43829
43830
43831
43832
43833
43835
43836
43838
43839
43841
43842
43843
43844
43852
43856
43862
43864
43867
43869
43872
43873
43875
43892
43895
43900
43901
43904
43905
43906
43912
43913
43916
43923
43924
43926
43927
43928
43930
43934
43935
43936
43938
43943
43944
43946
43950
43951
43952
43958
43973
43974
43978
43980
43981
43982
43984
43990
43991
43997
43999
44000
44001
44002
44005
44006
44007
44008
44010
44011
44013
44014
44018
44021
44027
44029
44030
44038
44039
44046
44052
44054
44058
44059
44071
44072
44079
44086
44087
44095
44096
44097
44098
44100
44108
44110
44111
44115
44117
44118
44121
44125
44126
44127
44128
44129
44131
44132
44135
44148
44149
44150
44154
44155
44160
44172
44173
44183
44205
44207
44219
44226
44228
44233
44235
44238
44250
44251
44254
44258
44259
44260
44261
44263
44266
44268
44269
44271
44272
44274
44275
44276
44279
44289
44291
44297
44307
44315
44317
44324
44326
44339
44353
44355
44359
44360
44380
44381
44382
44390
44391
44392
44409
44432
44433
44437
44438
44441
44446
44448
44451
44481
44482
44483
44484
44496
44497
44498
44505
44510
44513
44522
44529
44531
44540
44543
44544
44548
44554
44573
44620
44631
44632
44637
44642
44643
44653
44668
44669
44672
44679
44701
44702
44703
44724
44728
44736
44747
44748
44750
44783
44785
44786
44787
44790
44791
44793
44801
44811
44817
44819
44830
44835
44839
44843
44848
44849
44851
44855
44856
44858
44861
44870
44873
44879
44885
44887
44889
44900
44910
44913
44915
44920
44921
44936
44964
44965
44978
45012
45017
45018
45021
45031
45039
45040
45041
45064
45233
45234
45247
45248
45249
45250
45268
45269
45278
45280
45282
45285
45307
45318
45320
45325
45326
45328
45329
45338
45339
45343
45360
45368
45374
45380
45382
45396
45398
45399
45401
45432
45460
45467
45524
45525
45556
45574
45577
45587
45588
45655
45668
45680
45682
45683
45706
45707
45739
45757
45775
45780
45783
45784
45785
45786
45815
45816
45821
45826
45827
45830
45840
45845
45848
45871
45875
45879
45880
45881
45883
45884
45894
45906
45908
45910
45922
45928
45931
45959
45960
45961
45962
45969
45970
45973
45976
45994
46000
46006
46008
46015
46017
46020
46027
46032
46035
46038
46040
46058
46059
46066
46068
46069
46074
46078
46080
46085
46091
46121
46140
46155
46156
46158
46187
46194
46201
46234
46243
46246
46260
46326
46386
46391
46415
46456
46662
46717
46719
46813
47065
47080
47082
47091
47121
47137
47141
47173
47186
47198
47208
47216
47218
47219
47220
47249
47251
47253
47260
47272
47283
47285
47384
47396
47399
47408
47457
47594
47611
47718
47729
47730
47746
47757
47762
47763
47764
47765
47767
47769
47781
47852
47854
47869
47873
47874
47877
47878
47894
47895
47900
47901
47905
47906
47942
47954
47998
48071
48224
48228
48239
48309
48311
48312
48316
48317
48335
48336
48337
48338
48339
48340
48341
48343
48373
48381
48382
48387
48421
48422
48440
48445
48448
48450
48481
48531
48532
48535
48552
48571
48572
48581
48582
48583
48613
48632
48772
48775
48782
48785
48805
48844
48903
48971
48973
48986
49045
49070
49077
49080
49090
49165
49168
49228
49241
49260
49297
49424
49425
49427
49505
49529
49580
49636
49638
49701
49713
49762
49779
49780
49802
49803
49804
49805
49806
49807
49808
49809
49815
49816
49821
49847
49892
49893
49895
49952
49953
49968
49992
49997
50001
50002
50003
50005
50007
50022
50024
50026
50032
50039
50044
50048
50050
50055
50061
50068
50070
50073
50074
50075
50079
50080
50082
50092
50096
50101
50102
50105
50107
50109
50110
50121
50122
50123
50124
50126
50129
50133
50139
50143
50147
50149
50152
50157
50160
50161
50167
50169
50170
50172
50178
50188
50190
50191
50192
50196
50198
50202
50203
50205
50206
50207
50208
50209
50210
50216
50220
50224
50225
50227
50228
50236
50237
50246
50250
50251
50252
50253
50257
50259
50263
50266
50267
50268
50270
50271
50274
50281
50282
50285
50286
50287
50289
50290
50296
50300
50301
50302
50305
50310
50315
50316
50320
50323
50344
50350
50356
50358
50363
50364
50365
50366
50373
50374
50378
50379
50380
50381
50391
50392
50395
50396
50397
50403
50405
50415
50416
50417
50423
50424
50428
50432
50433
50434
50437
50438
50441
50442
50446
50454
50456
50457
50458
50459
50463
50466
50467
50470
53425
53426
53427
53428
53431
53432
53433
53434
53435
53436
53437
53438
53439
53442
53443
53444
53445
53446
53448
53471
53472
53473
53501
53502
53503
53504
53506
53507
53508
53510
53511
53512
53513
53515
53516
53522
53523
53540
53541
53542
53543
53544
53546
53547
53550
53552
53554
53556
53557
53558
53560
53561
53562
53563
53564
53565
53566
53567
53569
53573
53577
53578
53579
53580
53581
53584
53585
53586
54520435
54520440
5740101
5740108
5740113
5740122
5740126
5740128
5740130
5740131
5740141
5740142
5740143
5740152
5740154
5740165
5740168
5740170
5740175
5740176
5740178
5740179
5740183
5740185
5740186
5740195
5740196
5740203
5740204
5740205
5740207
5740212
5740214
5740215
5740224
5740226
5740234
5740235
5740238
5740242
5740248
5740252
5740254
5740264
5740271
5740281
5740282
5740294
5740297
5740299
5740303
5740310
5740313
5740316
5740318
5740319
5740320
5740323
5740325
5740334
5740338
5740347
5740349
5740359
5740362
5740365
5740370
5740377
5740378
5740386
5740389
5740391
5740392
5740394
5740400
5740402
5740407
5740408
5740411
5740413
5740414
5740416
5740417
5740423
5740430
5740431
5740436
5740437
5740441
5740446
5740457
5740462
5740465
5740467
5740468
5740472
5740474
5740475
5740480
5740481
5740483
5740489
5740490
5740497
5740498
5740501
5740505
5740507
5740513
5740515
5740528
5740534
5740536
5740537
5740542
5740544
5740546
5740547
5740551
5740553
5740554
5740555
5740558
5740565
5740569
5740574
5740575
5740585
5740590
5740592
5740593
5740596
5740597
5740599
5740605
5740606
5740609
5740612
5740622
5740624
5740629
5740630
5740633
5740634
5740636
5740640
5740644
5740655
5740656
5740660
5740661
5740662
5740664
5740672
5740676
5740685
5740687
5740688
5740691
5740693
5740699
5740700
5740704
5740713
5740715
5740723
5740743
5740745
5740746
5740751
5740752
5740757
5740761
5740766
5740769
5740774
5740775
5740782
5740784
5740788
5740790
5740793
5740802
5740807
5740811
5740813
5740816
5740817
5740825
5740826
5740827
5740831
5740834
5740836
5740837
5740840
5740846
5740847
5740848
5740851
5740853
5740854
5740860
5740861
5740866
5740868
5740876
5740878
5740879
5740883
59128
59137
59140
59141
59142
59143
59144
59145
59149
59150
59151
59157
59158
59159
59163
59164
59167
59169
59170
59171
59172
59173
59175
59176
59177
59178
59184
59214
59215
59216
59217
59218
59223
59224
59225
59226
59227
59232
59233
59235
59239
59240
59241
59246
59247
59253
59260
59261
64867
64872
64874
64875
64877
64879
64880
7354371
7354373
7354375
7354376
7354377
7354378
7354379
7354380
7354381
7354382
7354398
7354399
7354400
7354402
7354403
7354404
7354405
7354406
7354407
7354409
7354410
7354411
7354412
7354413
7354414
7354415
7354416
7354417
7354418
7354420
7354421
7354423
7354424
7354425
7354426
7354427
7354428
7354429
7354431
7354432
7354433
7354434
7354435
7354436
7354437
7354447
7354465
7354466
7354470
7354471
7354472
7354473
7354474
7354475
7354476
8673956
8673957
8673963
8673965
8673966
8673970
8673971
8673976
8673977
8673980
8673981
8673982
8673983
8673984
8673985
8673987
8673988
8673992
8673993
8673994
8673995
8674000
8674001
8674002
8674004
8674006
8674008
8674009
8674011
8674012
8674013
8674014
8674016
8674018
8674019
8674020
8674021
8674022
8674023
8674024
8674025
8674026
8674028
8674029
8674030
8674031
8674033
8674037
8674039
8674042
8674043
8674044
8674046
8674048
8674049
8674050
8674052
8674054
8674055
8674056
8674058
8674059
8674062
8674063
8674064
8674066
8674067
8674068
8674069
8674071
8674072
8674073
8674074
8674075
8674076
8674077
8674081
8674082
8674084
8674085
8674087
8674088
8674090
8674091
8674093
8674094
8674095
8674097
8674098
8674100
8674108
8674111
8674113
8674114
8674115
8674117
8674119
8674120
