1
10
100
1000
10000
10001
10002
10003
10004
10005
10006
10007
10008
1001
10010
100101267
10011
100128731
100128927
10013
100130733
100133941
100134934
100137047
100137049
10014
100144748
10015
10016
10017
10018
100188893
10019
1002
10020
10021
10023
10025
10026
100271849
100287171
100287932
100288687
1003
10036
10038
10039
1004
10040
10043
10044
10045
10048
10049
1005
10050
100505705
100505724
100505753
100506658
100507436
10051
10052
10053
10054
10055
10056
10057
10058
10059
1006
10060
10062
10063
10066
10067
10068
1007
10071
10073
10075
100750247
10076
1008
10082
10083
10084
10087
10089
1009
10090
10092
10093
10094
10095
10096
10097
10098
100996939
101
1010
10102
10103
10105
10106
10109
10110
10111
10112
10113
10116
1012
10120
10121
10123
10125
10126
10128
1013
10130
10131
10133
10134
10135
10138
10139
10140
10142
10143
10146
10148
1015
10150
10152
10155
10156
10157
10159
1016
10160
10162
10163
10164
10165
10166
10169
1017
10170
10171
10174
10175
10179
1018
10181
10184
10188
10189
1019
10193
10195
10196
10197
10199
102
1020
10200
10201
10202
10203
10204
10205
10206
10207
10208
10209
1021
10210
10211
10212
10213
102157402
10218
10219
1022
10220
10221
10225
10227
10228
10235
1024
10240
10241
10242
10243
10244
10245
10246
10247
10248
10249
1025
10250
10252
10253
10254
10256
10257
1026
10263
10265
10266
10267
10268
10269
1027
10270
10272
102724159
10273
10274
10276
10277
1028
10280
10282
10284
10287
10288
1029
10290
10291
10293
10294
10295
10297
10298
10299
103
1030
10300
10302
1031
10311
10312
10313
10316
10318
10319
1032
10320
10324
10325
10327
10329
1033
10331
10332
10333
10342
10343
10344
10345
10346
10347
10352
1036
10361
10365
10367
10368
10369
10370
10371
10376
10379
10380
10381
10382
10383
10384
10390
10391
103910
10392
10393
10394
10395
10397
10398
10399
104
1040
10400
10401
10402
10403
10406
10407
1041
10410
10411
10413
10419
10421
10423
10424
10425
10427
1043
10432
10434
10435
10436
10437
10438
10440
10443
10444
10445
10447
10449
10450
10451
10452
10454
10455
10456
10457
10458
10459
10460
10461
10462
10463
10464
10465
10466
10468
10469
1047
10471
10474
10475
10476
10477
10478
10479
1048
10480
10482
10484
10486
10487
10488
10490
10491
10492
10493
10494
10495
10497
10498
10499
1050
10507
1051
10512
10514
10516
10518
10519
10521
10522
10523
10524
10525
10526
10527
10528
10529
1053
10531
10533
10535
10537
10539
1054
10540
10541
10542
10544
10549
10550
10551
10552
10553
10554
10555
10556
10557
10558
1056
10560
10561
10562
10563
10564
10565
10566
10568
10569
10572
10573
10574
10575
10576
10577
10578
1058
10580
10581
10584
10585
10586
10587
10588
10591
10592
10594
10595
10598
10599
1060
10600
10603
10605
10606
10607
10609
10610
10613
10614
10615
10616
10617
1062
10621
10622
10623
10625
10626
10627
10628
10629
1063
10630
10631
10632
10633
10634
10635
10636
10637
10640
10641
10642
10643
10644
10645
10650
10651
10652
10653
10654
10657
10658
10659
1066
10661
10664
10666
10667
10670
10671
10672
10673
10675
10677
10678
10681
10682
10686
1069
10690
10694
10695
10699
107
1070
1071
10713
10714
10715
10716
10718
1072
10720
10721
10724
10725
10728
1073
10730
10733
10734
10735
10736
10743
10746
10747
1075
10750
10753
10755
10758
10762
10763
10765
10766
10767
10768
10769
10771
10772
10775
10776
10782
10783
10785
10787
10788
10791
10795
10797
10799
108
1080
10800
10801
10802
10803
10804
10806
10807
10808
10809
1081
10810
10811
10813
10814
10815
10817
10818
1082
10825
10826
10840
10841
10844
10845
10848
10849
10855
10856
10857
10858
10859
10861
10863
10865
10868
10869
10870
10871
10873
10874
10876
10877
1088
10884
10885
10886
10890
10891
10892
10894
10897
10898
10899
109
10900
10901
10902
10904
10905
10907
10908
10910
10911
10912
10913
10914
10915
10916
10919
10920
10921
10922
10923
10924
10926
10927
10928
10930
10933
10935
10938
10939
10940
10943
10945
10946
10948
10949
10952
10953
10954
10955
10956
10959
10960
10961
10962
10964
10965
10971
10972
10973
10974
10975
10978
10979
10980
10981
10987
10988
10989
10991
10993
10994
10998
10999
11000
11001
11004
11005
11006
11007
11011
11014
11015
11020
11021
11025
1103
11030
11031
11033
11034
11035
11036
11037
1104
11040
11041
11043
11044
11046
11047
1105
11051
11052
11056
11057
11059
11060
11061
11063
11064
11065
11069
1107
11070
11073
11074
11075
11076
11077
11078
11079
1108
11080
11081
11082
11085
1109
11091
11096
11097
11099
111
11102
11103
11105
11107
1111
11112
11113
11116
11117
11118
11119
1112
11122
11124
11126
11127
11128
1113
11130
11132
11133
11135
11136
11137
11138
11140
11141
11143
11144
11145
11146
11148
11149
11151
11152
11153
11156
11157
11158
1116
11160
11163
11164
11165
11166
11167
11168
11170
11171
11173
11177
11178
1118
11180
11181
11182
11183
11184
11185
11186
11187
11189
1119
11190
11194
11196
11198
112
1120
11200
11201
1121
11211
11213
11214
11218
11221
11222
11224
11226
11227
11231
11232
11235
11236
11238
112398
112399
11240
11243
112476
112483
112487
112495
11251
11252
11253
11255
112574
11258
11260
112609
11261
11266
11267
11269
11272
112724
11273
11274
112744
112752
11277
1128
112802
11281
112812
112817
11282
11283
11284
11285
112858
112869
1129
112936
112950
113
1130
113026
11309
1131
11313
113130
11314
11315
11316
113179
113189
1132
11320
113235
113246
113251
11326
113278
11329
1133
11330
11331
11332
11335
11337
11338
11339
1134
11340
11342
11343
11344
11345
113451
11346
113510
1136
113675
1137
113791
1138
113802
1139
114
1140
114034
114049
114134
1143
114327
1144
1145
114548
114571
1146
114609
1147
114757
114769
114770
114771
114783
114791
114793
114794
114798
114799
114803
114805
114836
114876
114879
114880
114881
114882
114883
114884
114885
114897
114899
1149
114900
114908
114971
114990
115
115004
115019
115024
115106
115111
1152
115209
115286
1153
115350
115352
115362
1154
115416
115426
115548
115560
115584
115650
115677
115701
115704
115708
115727
115752
1158
115825
115827
115861
1159
115939
115948
116
1160
116028
116068
116085
1161
116138
116150
116151
116224
116228
116238
116285
116369
116443
116461
116519
116540
116541
116729
116840
116985
116986
117143
117144
117145
117155
117156
117159
117166
117177
117178
117245
117246
117247
117248
117283
117285
1173
1174
1175
117532
117581
117584
1176
117854
118
1180
1181
1182
1183
1184
118424
118426
118430
118460
118487
1187
118788
118813
118856
118980
118987
119
1191
1192
1193
119391
119392
1195
119504
1196
1198
12
1200
120071
1201
1203
120425
120526
1207
1208
120892
1211
121268
121278
1213
121340
121391
121441
121457
1215
121504
121536
121601
121642
121665
122402
122481
122553
122618
122622
122704
122706
122809
122830
122876
122970
1230
123016
123096
123099
123169
1232
123264
1234
1235
1236
123688
123720
123745
123872
123879
124
124056
124093
1241
1244
124454
124512
124583
124590
124641
124739
124790
124872
124912
124930
124935
124976
124995
124997
125
125058
125111
125115
125150
125170
125336
1258
1259
125981
125988
126
126003
126074
126259
126272
1263
126306
126328
126353
126374
126382
126393
1264
126410
1265
126638
1267
126731
126792
1268
1269
126961
126969
127
1270
127124
127544
1277
127700
1278
127833
127933
128
1280
1281
128178
1282
128240
128272
128308
128338
1284
128434
128486
1285
1286
128637
1287
1288
128822
128853
128866
128869
1289
1290
1291
1292
1293
129303
1294
129401
129450
1295
129531
129563
1296
129642
129685
1297
1298
129807
1299
13
130
1300
130013
1301
130120
1302
130340
130399
130497
1305
130557
130589
1306
130617
1307
1308
130916
131
1310
1311
131118
131177
1312
1314
131405
131474
1315
131540
131566
131578
131601
131669
1317
1318
131870
131890
131965
132
132158
132320
1325
1326
132671
1327
132789
132864
1329
133
133121
133308
133383
133522
133686
1337
133746
134
1340
134145
134147
134353
134391
134429
134430
1345
134510
134526
134637
1349
134957
135
1350
1351
135138
135152
135154
1352
135228
135250
135295
1355
1356
135644
1359
136
1361
136242
1363
136319
1364
1365
1369
1370
1371
1373
137392
1374
137492
1375
1376
137682
1378
137814
137868
137872
137886
1379
137964
137970
1380
138065
138151
138199
1384
138429
138474
1386
1387
1388
139065
139135
139189
1392
139212
139285
1393
139322
139341
1394
139411
139562
1396
139741
1398
1399
140
1400
1401
140258
1404
140453
140462
140465
140564
140596
1406
140609
140628
140679
140683
140690
140733
140735
140775
1408
140803
140807
140809
140823
140838
140850
140880
140885
1409
140947
1410
1411
1413
142
1420
1421
142680
1428
142891
1429
142940
143
143098
1431
143162
143187
1432
143384
143471
1435
143570
1436
143662
143686
143689
1437
143872
143888
1439
1440
144100
144108
144165
144193
144195
1442
144233
144245
144363
144406
144455
1445
144501
144577
1447
144715
144717
1448
144811
145173
1452
145226
145258
1453
145376
1454
145482
1455
145567
1456
1457
1459
145957
146
1460
146057
146059
1462
146206
1463
1464
146433
146664
146691
146722
146760
1468
146850
146857
1469
146909
146956
147
1470
147007
1471
147111
147138
147179
147183
1472
147372
147409
147495
1475
1476
1477
1478
1479
147906
147945
148
148022
148170
1482
148252
148281
148479
148641
1487
148738
148789
1488
148811
1489
1490
149041
149095
1491
149111
149233
1493
149371
149461
1495
149563
1496
149603
149628
1497
149840
1499
149951
149998
15
150
1500
150094
1501
150209
150274
150290
1503
150356
150368
150372
150379
1504
150465
150572
150678
150684
150696
150737
1508
1509
150921
150962
151
1510
151056
1511
151126
151194
1512
1513
151306
151354
1514
1515
151516
151531
151556
151636
151648
151651
151742
151835
151888
151987
152
1520
152002
152007
152015
1521
152110
152137
152185
1522
152206
152330
1524
152404
1525
152503
152559
152789
1528
152816
152831
152926
153
153090
153129
153222
153241
1535
153562
1536
1537
153769
154
1540
154091
154141
154197
1543
1544
1545
154743
154754
154796
1548
154807
154810
154881
155
155061
155066
1551
1553
155382
1555
1557
1558
1559
156
1562
1565
157
1571
1573
157313
157506
157570
1576
157695
1577
157739
157753
157769
1579
157922
158
158067
158135
1582
158297
1583
158326
1584
1585
158584
1586
158747
1588
158866
158880
1589
159
1591
1592
1593
159371
1595
16
160
1600
1601
1602
1603
160335
160365
1604
160418
160428
1605
1606
1607
160728
160760
1608
160851
1609
161
1610
1611
161176
161198
1612
161247
161291
1613
1615
161514
161582
1616
1617
161725
161742
1618
161823
161882
162
1621
1622
162417
162427
162466
162514
162540
162605
162699
1627
1629
162989
163
1630
163126
163175
1632
1633
1634
163486
1635
163590
1636
163702
163786
1638
163859
163882
1639
164
1641
1642
1643
1644
1645
1646
164656
164668
164684
1647
1649
165
1650
165140
1652
1653
1654
1655
1656
165631
165721
165904
165918
166
1660
166012
1663
166378
166379
1666
1667
166785
166793
166929
166968
1670
1671
167127
167153
1672
167227
1673
1674
167465
1675
1676
1677
1678
168391
168537
1687
1690
169026
169355
170482
170506
170572
170589
170622
170685
170692
170850
171023
171392
171425
171546
171568
171586
1716
1717
1718
1719
1723
1725
1727
1728
1729
173
1730
1733
1734
1735
1736
1737
1738
1739
1740
1741
1742
1743
1745
1746
1749
175
1750
1755
1756
1757
1758
1759
176
1760
1763
1767
177
1770
1776
1778
178
1780
1781
1783
1785
1786
1787
1788
1789
1793
1794
1795
1796
1797
1798
1800
1801
1802
1803
1804
1806
1807
1808
181
1810
1811
1812
1813
1814
1815
1816
182
1820
1822
1823
1824
1825
1826
1827
1828
1829
183
1830
1832
1833
1834
1836
1837
1839
1840
1841
1842
1843
1845
1846
1847
1848
1849
185
1852
1854
1855
1856
1857
1859
186
1861
1869
187
1870
1871
1874
1876
1877
1880
1889
189
1890
1891
1892
1893
1894
1896
19
190
1902
1903
1906
1908
1909
191
1910
1911
1915
1917
192111
192666
192669
192670
192683
1933
1936
1937
1938
1939
1942
1943
1944
1945
1946
1947
1948
1949
1950
1954
1956
1958
195814
195827
1959
196
196051
1962
196374
1964
196483
1965
196513
196527
196528
196541
1967
196743
1968
196883
1969
196996
197
197131
197257
197258
197259
1973
197322
197358
197370
1974
1975
1977
1978
1981
1982
1983
1984
199
1991
1992
199223
1994
1996
1997
199713
199731
199746
1998
199857
1999
199920
199990
2
20
200185
200315
200316
200424
2005
200558
200576
2006
200728
200734
200845
200879
200895
2009
200909
200931
200942
200958
2010
2011
201161
201163
201164
201254
201292
201294
2013
201562
201595
201626
201627
201633
2017
2019
201973
202018
2021
2022
202243
2023
2026
2027
2028
2029
203
2030
203068
203228
203245
2033
2034
2035
203547
203611
2037
203859
2039
204
2041
2042
204219
2043
2044
2045
2046
2047
2048
204851
2049
204962
205
2050
2051
2052
2053
2054
205428
2055
205564
2056
2057
205717
2058
2060
2063
206358
2064
2065
2066
2067
2068
2069
207
2070
207063
2071
2072
2073
2074
2079
208
2081
2091
2098
2099
21
210
2100
2101
2103
2104
2107
2108
2109
211
2110
2113
2114
2115
2118
2119
212
2120
2121
2122
2124
2125
213
2131
2132
2134
2135
2137
2138
2139
214
2140
2146
2147
2149
215
2150
2152
2153
2155
2157
2158
2159
216
2160
2161
2162
2166
2167
2168
2169
217
2170
2171
2173
2175
2176
2177
2178
218
2180
2181
2182
2184
2185
2186
2187
2188
2189
219
2191
2192
219287
2193
2194
219402
219595
219670
219699
219736
219743
219771
219790
219927
219931
219972
219988
220
2200
220042
220064
2201
220134
220136
220164
2202
220202
220213
2203
220441
2205
2206
2207
2208
2209
220963
221
2210
221002
221035
221061
221078
221079
221120
221143
221150
221154
221178
2212
221264
2213
2214
221421
221443
221477
221496
221656
221662
221692
2218
221830
2219
221908
221914
221927
221935
221937
221938
221955
222
2220
222008
222166
2222
222229
222236
2224
222537
222546
222584
222642
222643
222663
222962
223
2230
2232
2235
2237
2239
224
2241
2242
2243
2244
2245
2246
2247
2248
2249
225
2250
2251
2252
2253
2254
2255
225689
2257
226
2260
2261
2262
2263
2264
2266
2267
2268
2271
2272
2273
2274
2275
2277
22794
22795
22796
2280
22800
22801
22803
22806
22808
22809
2281
22818
22820
22822
22823
22828
22829
22832
22836
22841
22843
22844
22845
22846
22848
22849
22853
22854
22856
22861
22863
22865
22868
22870
22871
22872
22875
22876
22878
22879
2288
22880
22885
22889
2289
22890
22891
22893
22894
22897
229
2290
22900
22904
22905
22906
22907
22908
22909
22914
22915
22916
22918
22919
22920
22924
22925
22926
22927
22928
22930
22931
22933
22934
22936
22937
22938
2294
22941
22943
22944
22948
2295
22953
22954
2296
22974
22976
22977
22978
22979
22981
22983
22984
22985
22992
22994
22995
22998
22999
23
230
2300
23001
23002
23005
23007
23011
23013
23016
23017
23019
2302
23020
23023
23025
23028
2303
23030
23032
23034
23035
23039
2304
23043
23047
23049
2305
23051
23052
23054
23057
23059
23061
23062
23063
23064
23067
23070
23071
23072
23076
23077
2308
23081
23085
23086
23087
23089
2309
23090
23091
23093
23094
23096
23098
231
23102
23107
23108
23111
23112
23113
23118
2312
23122
23125
23126
23129
23130
23133
23135
23136
23137
23141
23143
23144
23149
23151
23157
2316
23160
23161
23163
23165
23166
23167
23168
23169
23170
23171
23172
23173
23175
23177
23178
2318
23180
23184
23185
23186
23187
23189
2319
23190
23191
23192
23193
23194
23197
23198
23200
23201
23203
23204
23205
23207
23208
23209
2321
23210
23212
23213
23214
23215
23216
23218
2322
23220
23224
23225
2323
23230
23234
23235
23236
23237
23239
2324
23240
23241
23243
23244
23246
23248
23251
23252
23254
23256
23258
23259
2326
23261
23262
23264
23265
23268
23269
2327
23271
23272
23274
23275
23276
23277
23279
2328
23283
23284
23286
23287
23288
23291
23293
23295
23299
2330
23303
23304
23305
23307
23308
2331
23310
23316
23317
23318
2332
23322
23324
23325
23326
23327
23328
23329
23332
23334
23336
23338
23339
2334
23344
23345
23347
2335
23353
23354
23355
23363
23367
23368
23369
23370
23371
23376
23378
23379
23380
23381
23383
23385
23386
23387
2339
23390
23392
23395
23396
23397
23398
23399
23400
23401
23404
23405
23408
23409
23410
23411
23414
23416
23417
23418
2342
23421
23423
23424
23428
23429
23433
23435
23438
23439
23443
23446
23450
23451
23457
2346
23461
23462
23463
23464
23467
23468
23471
23473
23474
23475
23476
23479
2348
23481
23491
23493
23495
23498
23499
23503
23504
23507
23509
23511
23512
23513
23514
23515
23516
23517
2352
23521
23522
23523
23529
2353
23530
23531
23532
23533
23534
23536
23539
23542
23543
23545
23553
23555
23556
23557
23558
2356
23560
23564
23566
23568
23569
2357
23576
2358
23580
23581
23583
23586
23590
23592
23593
23594
23595
23597
23600
23601
23603
23604
23607
23612
23616
23617
23620
23621
23624
23626
23630
23632
23633
23636
23637
23639
23640
23641
23643
23644
23645
23646
23647
23649
23654
23657
23658
23659
23670
23671
23673
23676
23677
23678
23682
23683
23705
23708
23710
23729
23743
23759
23760
23764
23765
23767
23768
23769
23770
23774
23779
23787
23788
238
239
2395
24
240
241
24137
24138
24139
24140
24142
24144
24145
24148
242
245711
245812
245939
245972
245973
246
246175
246176
246181
246184
246213
246269
246329
246330
246744
246778
247
2475
248
2487
2488
249
2491
2492
2494
2495
25
2512
2515
2516
2517
2519
2521
2523
2524
2525
2526
2529
252969
252983
2530
253012
2531
253175
253260
2533
2534
253430
253461
2535
253558
253559
2537
253714
253725
253782
2538
253832
2539
253943
253980
254013
254042
254065
254173
2542
254225
254263
254394
254428
254531
2547
254773
2548
254887
2549
254950
2550
255027
255043
255061
255082
2551
255189
255231
255324
2554
2555
255520
255626
255738
255758
255919
255967
2560
2561
2562
256281
256297
2564
256435
2566
256987
257062
2571
257144
2572
257364
257397
25759
25764
25771
25776
25777
25778
25780
25782
25788
25791
25793
25794
25796
2580
25800
25801
258010
25802
25804
25805
25809
2581
25813
25814
25818
25819
2582
25824
25825
25827
25828
2583
25830
25833
25836
25837
25839
2584
25842
25847
25850
25851
25855
25861
25862
25865
2587
25870
25873
25878
25879
2588
25885
25888
2589
25895
25896
25898
259
2590
25902
25904
25906
25909
2591
25912
25913
25915
259173
259197
2592
25920
25921
259215
25923
259230
25926
259266
25928
259282
259287
25929
259290
259294
2593
25930
259307
25932
25937
25939
25940
25942
25945
25946
25950
25953
25959
2596
25960
25961
25962
25963
2597
25970
25974
25976
25978
25981
25984
25988
25989
25994
25998
25999
26
26000
26003
26005
26007
26011
26013
26019
26024
26027
26031
26035
26036
26038
260429
260434
26047
26051
26053
26054
26056
26057
26058
26060
26061
26063
26073
26085
26086
26088
26090
26091
26092
26097
26100
26108
26112
26119
26121
26123
26128
26133
26135
26140
26146
26147
26149
2615
26153
26154
26155
26156
26160
26164
26167
26168
2617
261726
261729
26173
261734
2618
2619
26191
262
26207
2621
2622
26224
26225
26227
26228
26229
2623
26234
2624
26249
2625
26251
26253
26258
26259
2626
26266
26268
2627
26270
26271
26272
26275
26276
26277
26278
26279
2628
26280
26281
26284
26286
26287
26289
2629
26290
26291
26297
2631
2632
2633
26330
2634
26353
26354
26355
2638
2639
2641
2642
2643
2644
2645
2646
26469
2647
26471
2648
2649
2650
26503
26508
26509
2651
26512
26515
26517
26519
26520
26521
26523
26524
26525
2653
26548
26574
26578
2658
26580
26585
26586
26589
2660
26608
26609
2661
26610
2662
2664
26664
266727
266740
2668
2669
267
2670
267012
2672
2673
2674
26747
2675
2676
2677
2678
268
2683
2686
2687
26873
2688
2689
269
2690
2691
2692
2693
2694
2695
26958
2696
2697
26985
26986
26993
26994
26995
26999
27
270
27000
27006
2701
27010
27012
27018
27019
2702
27022
27031
27032
27034
27035
27040
27042
27043
27044
2705
2706
27063
27068
27072
27074
27077
27085
27086
27087
27089
27090
27091
27092
27095
27097
271
2710
27102
27109
27111
27115
27122
27123
27124
27125
27129
27130
27131
27132
27133
27141
27147
27151
27152
27154
27158
27159
27161
27163
27165
27166
2717
27173
27178
27183
27185
2719
272
2720
27201
27202
27230
27231
27232
27233
27235
27236
27237
27240
27241
27242
27243
27244
27246
27247
27248
27249
27250
27252
27255
27257
27258
27284
27289
2729
27292
27297
273
2730
27302
27303
27304
27306
2731
27314
27315
27316
27324
27327
27328
27329
27330
27335
27336
27338
27339
27340
27341
27342
27343
27345
27346
27347
27348
27349
2735
27350
27351
27352
2736
2737
2739
274
2740
2741
2742
27429
2743
27430
27434
2744
27443
2745
2746
2747
275
2752
2760
2762
2765
2766
2767
2768
2769
2770
2771
2773
2774
2775
2776
2778
2779
2780
2781
2782
2783
2784
2785
2786
2788
279
2792
2799
2801
2803
2804
2805
2806
2810
2811
2812
2814
2815
2817
2819
2820
2821
2822
28227
2823
28231
28232
28234
2824
282618
282679
282809
2829
28299
282991
282996
283
2831
283131
283149
283209
283219
283229
283238
283375
283383
2834
283417
283431
283450
283459
283463
283464
283489
283514
283518
283576
283629
2837
283742
283748
2838
283869
283871
283927
283989
284
284058
284076
284086
284098
284106
284111
284114
284119
284129
284161
284184
284217
28424
28434
284340
284352
284359
284361
28439
284403
28442
284439
284486
28449
284541
284654
284656
284695
284716
284827
2849
285
28514
285180
285193
2852
285220
285242
285282
285315
285331
285362
285367
285381
285440
285489
285521
285590
285605
285613
285643
28577
2859
285966
285973
286
286053
286077
286097
2861
286204
286256
286257
286262
28639
2865
2867
2868
286827
286887
2869
287
2870
2872
2873
2874
2875
28755
2876
2877
28778
2878
2879
28793
28796
28797
288
28815
2882
28820
28822
28823
28834
2885
2886
2887
2888
28883
2889
28896
2890
28903
28908
2891
28912
28913
28916
28919
2892
28921
2893
28930
28937
28940
2895
28951
28952
28956
28957
28958
28959
2896
28960
28964
28965
2897
28972
28973
28976
28977
28978
2898
28981
28982
28983
28984
28985
28987
28988
28989
2899
28992
28996
28998
28999
29
2900
2902
2903
2904
2905
29058
2906
29062
29063
29066
29071
29072
29074
29078
29079
2908
29081
29082
29085
29086
29088
29089
29090
29091
29093
29095
29097
29098
291
29101
29102
29104
29105
29106
29107
29108
29109
2911
29110
29114
29116
29117
29119
2912
29123
29126
29127
29128
2913
2914
2915
2916
2917
2918
2919
292
2920
2922
2923
2926
293
2931
2932
2934
2935
2936
2937
2938
2939
2940
2941
2944
2946
2947
2948
2949
2950
2952
2954
2956
2957
2958
2959
2960
2961
2962
2963
2965
2966
2967
2968
2969
2971
2972
2975
2976
29760
29761
29763
29775
2978
29780
29785
29789
2979
29796
2980
29800
29801
2981
2982
2983
2984
29843
29844
29850
29851
29855
2986
2987
29880
29881
29882
29883
29886
29887
29890
29894
29895
29899
2990
29904
29911
29914
29916
2992
29920
29923
29924
29925
29927
29928
29929
29934
29935
29937
29940
29941
29943
29945
29946
29948
29950
29954
29956
29957
29958
29959
29960
29965
29967
29968
29969
2997
29974
29978
29979
2998
29980
29982
29984
29986
29988
29989
29991
29993
29994
29995
29997
30
3000
30001
30009
3001
30011
30014
3002
3005
30061
30062
3009
301
3014
3015
302
3020
3021
3028
3029
3030
3032
3033
3034
3035
3036
3037
3038
3039
3040
3043
3052
3054
3055
3059
306
3060
3061
3064
3065
3066
3067
3068
3069
307
3071
3073
3074
3075
3077
3078
308
3080
3081
30814
30815
30817
30818
30819
3082
30820
30827
30833
30834
30835
3084
30844
30845
30846
30849
30851
3087
3090
3091
3092
3093
3094
3096
30968
3098
3099
31
310
3101
3104
3105
3106
3107
3108
3109
311
3110
3111
3112
3113
3115
3117
3118
3119
3120
3122
3123
3125
3126
3127
313
3133
3134
3135
3136
314
3140
3141
3145
3146
3148
3150
3151
3155
3156
3157
3158
3159
316
3161
3162
3163
3164
3169
317
3170
3171
3172
3174
3176
3177
3178
318
3181
3183
3184
3185
3187
3190
3191
319101
3192
3198
32
320
3202
3204
3208
3209
3211
3212
3214
3219
3227
3232
324
3240
3242
3248
3249
325
3250
3251
3257
326
3263
3265
326625
3267
3269
327
3270
3273
3275
3276
328
3280
3281
3283
3284
329
3290
3291
3292
3293
3294
3295
3297
33
330
3300
3301
3303
3304
3305
3306
3308
3309
331
3310
3312
3313
3315
332
3320
3321
3326
3329
333
3336
3337
3338
3339
333932
334
3340
3346
3347
335
3350
3351
3352
3354
3356
3357
3358
3359
336
3362
3363
3364
337
3371
3373
3375
3376
337867
337876
337879
337880
337882
337959
337960
337963
337966
337967
337968
337969
337970
337971
337972
337973
337974
337978
337979
338
3381
3383
338322
338323
338339
338382
338398
3384
338440
3385
338567
338599
3386
338692
338773
338785
339
339122
339123
339175
339221
339287
339345
3394
339487
3396
3397
339745
339761
3398
339829
3399
339983
34
340024
340061
340273
340348
340371
340419
340481
340485
340602
340706
340719
341
341019
341208
3416
341640
3417
3418
3419
3420
3421
3422
3423
342372
3425
342574
3426
342618
3428
3429
342977
342979
343
3430
343035
3433
3434
343450
343637
3437
3439
344
3440
3441
3442
3443
3444
3445
344558
3446
3447
3448
344892
3449
344901
345
3451
3452
345275
3454
3455
3456
345611
345643
345778
3458
3459
346
3460
346007
346171
346547
346562
346606
3467
347
347240
3475
347516
3476
347688
347731
347733
347734
3479
348
3480
348093
3481
348110
348158
348180
3482
348235
348262
3484
3485
3486
348654
3487
3488
3489
348980
348995
3491
3493
3494
349565
349667
3497
35
350
3500
3501
3502
3503
3507
3508
351
3512
3514
3516
352909
353
353131
353134
353142
353143
353144
353164
353174
353189
353288
353323
353332
353333
353376
353497
3537
3538
3539
354
3542
3547
3549
355
3550
3551
3552
3553
3554
3556
3557
3558
3559
356
3560
3561
3562
3565
3567
3568
3569
357
3570
3572
3574
3575
3576
3577
3578
3579
358
3586
3587
3588
3589
359
3590
3592
3593
3594
3595
3596
359948
36
360
3600
3601
3603
3604
3605
3606
361
3611
3612
3613
3614
3615
3619
362
3620
3622
3623
3624
3625
3627
3628
363
3630
3631
3632
3633
3635
3636
3638
364
3640
3642
3643
3645
3646
3651
3654
3655
3656
3658
3659
366
3660
3661
3662
3663
3664
3665
3667
3669
367
3670
3671
3672
3673
3674
3675
3676
3678
3679
368
3680
3681
3682
3683
3684
3685
3687
3688
3689
369
3690
3691
3692
3693
3694
3695
3696
3699
37
3700
3702
3703
3704
3705
3706
3707
3708
3709
3710
3712
3713
3714
3716
3717
3718
372
3720
3725
3728
3730
373156
3735
373509
3736
3737
3738
373861
373863
3739
374
3741
3742
374291
374354
374378
3744
374403
374407
374454
374462
3745
374569
3746
374666
3747
3748
3749
374969
374986
375
3750
375056
3751
3752
3753
375307
375346
3754
3755
3756
375611
3757
375748
375757
375790
3758
3759
3760
3761
3762
376267
3763
3764
376497
3766
3767
3768
377
3772
3775
377630
377677
3777
3778
377841
3779
378
3780
3781
3783
3784
3785
3786
378708
378807
378884
378938
379
3790
3791
3792
3795
3796
3797
3798
3799
38
3801
3805
381
3811
3812
3815
3817
3818
382
3822
3823
3824
3827
383
3831
3832
3833
3835
3836
3837
3838
3839
384
3840
3841
3842
3843
3845
3846
3848
3849
3850
3851
3852
3853
3854
3855
3856
3857
3858
3859
3860
3861
3866
386672
386674
386675
386676
386677
386678
386680
386681
386682
386683
386684
3868
387
387082
387103
387129
3872
387264
387266
387267
387338
3875
387521
387700
387733
387787
387836
387837
387849
387893
388
3880
3881
3882
3883
388324
388325
388364
388389
3884
3885
388552
388585
388591
3886
388677
388698
3887
388753
3888
388818
3889
389
3890
3891
3892
389203
389207
389400
389421
389434
389541
389658
389692
3897
3899
389903
39
3906
390637
390792
3908
3909
390916
391
3910
3911
3912
391257
3913
3914
3915
3916
3918
392
3920
3921
392255
3925
392617
392636
3929
393
3930
3931
3932
3933
3934
3936
3937
3938
3939
394
3945
3948
3949
395
3950
3952
3953
3954
3956
3958
3959
396
3964
3965
397
3972
3973
3975
3976
3977
3978
398
3980
3981
3983
3984
3985
3987
3988
399
3990
3992
3993
3996
399687
3998
399979
40
400
4000
4001
4004
400410
4005
400629
400709
400830
4009
400916
400961
401
401024
401138
4012
4014
401466
401494
4015
401505
401541
4016
4017
4018
402
4023
4025
402569
403
4033
403313
4035
4036
4037
4038
4040
4041
404203
4043
4046
404636
404672
4047
4048
4049
405
4050
4051
4052
4053
4054
4055
4056
4057
405754
4058
4059
406
4060
4062
4063
4064
4066
4067
4068
406881
406884
406885
406887
406888
406890
406891
406892
406895
406899
4069
406900
406901
406903
406904
406911
406915
406929
406932
406933
406934
406935
406936
406937
406943
406947
406948
406949
406950
406952
406953
406958
406959
406964
406976
406979
406980
406982
406983
406984
406985
406988
406989
406991
406996
406999
407004
407006
407007
407014
407018
407021
407024
407026
407035
407040
407042
407046
407048
407050
407054
4072
4074
4077
407975
408
4081
4085
4086
4087
4088
4089
409
4090
4091
4092
4093
4099
41
410
4100
4101
4102
411
4116
4117
4118
412
4121
4123
4125
4126
4128
4129
4131
4133
4134
4135
4137
4140
414062
4141
4142
4143
414301
414325
4144
4145
4146
4148
414899
4149
415
4150
4153
4154
4155
4157
4158
4159
4160
4161
4162
4163
4166
4168
4170
4171
4172
4173
4174
4175
4176
4179
4185
4188
4189
4190
4191
4192
4193
4194
4199
4200
4201
4204
4205
4207
4208
4209
4210
4212
4214
4215
4216
4217
4218
4221
4223
4232
4233
4234
4237
4239
4241
4245
4246
4247
4249
4254
4255
4256
4257
4258
4259
4261
427
4277
4281
4282
4283
4284
4286
4287
4288
429
4291
4292
4293
4294
4296
4297
4298
43
4300
4301
4303
4306
4308
4311
4312
4313
4314
4316
4317
4318
4319
432
4321
4322
4323
4324
4325
4329
433
4331
4332
4340
4343
4345
435
4350
4351
4353
4357
4358
4359
4360
4361
4363
438
43847
439
440
440021
440023
440026
440050
440051
440093
440145
440193
440275
440307
440387
440435
440574
440699
440712
440738
440915
441024
441282
441478
441531
441925
442117
442721
443
4430
4435
4436
4437
444
445
445329
4478
4481
4482
4485
4486
4487
4488
4489
4495
4501
4502
4504
4507
4508
4509
4512
4513
4514
4515
4519
4520
4521
4522
4524
4528
4534
4535
4536
4537
4538
4540
4541
4543
4544
4547
4548
4552
4580
4582
4583
4584
4585
4586
4589
4591
4593
4594
4595
4597
4598
4599
4600
4602
4604
4606
4607
4608
4609
4613
4615
4616
4617
4618
4620
4621
4622
4624
4625
4626
4627
4628
4629
463
4632
4633
4634
4635
4636
4637
4638
4640
4641
4642
4643
4644
4645
4646
4647
4649
4650
4651
4653
4654
4656
4659
4660
4665
4668
4669
467
4670
4671
4673
4676
4677
4678
468
4680
4681
4682
4683
4684
4685
4686
4688
4689
4690
4691
4693
4694
4695
4696
4697
4698
47
4700
4701
4702
4703
4704
4705
4706
4707
4708
4709
471
4710
4711
4712
4713
4714
4715
4716
4717
4718
4719
472
4720
4722
4723
4724
4725
4726
4728
4729
4731
4733
4734
4736
4738
4739
474
4741
474381
474382
4744
4745
4747
475
4750
4751
4756
4758
4759
476
4760
4762
4763
477
4771
4772
4773
4775
4776
4778
4779
478
4780
4781
4790
4791
4792
4794
4795
4796
4798
4799
48
480
4800
4801
4802
4803
4804
4807
4808
4809
481
4811
4815
482
4820
4821
4824
4825
4826
4829
483
4830
4831
4832
4833
4835
4836
4837
4838
4839
4841
4842
4843
4846
4848
4849
4850
4851
4852
4853
4854
4855
4856
4857
486
4860
4861
4862
4863
4864
4867
4868
4869
487
4878
4879
488
4880
4881
4882
4884
4885
4886
4887
4889
489
4891
4893
4897
4898
49
490
4902
4904
4905
4907
4908
4909
491
4913
4914
4915
4916
4919
492
4920
4921
4922
4923
4926
4927
4928
4929
493
4931
4935
4938
493829
493869
4939
4940
494143
4942
4943
4946
4947
4948
4952
4953
4957
4958
4967
4968
4969
4973
4974
4975
4976
4978
498
4982
4983
4985
49856
4986
49860
4987
4988
4990
4991
4995
4998
4999
50
5000
5001
5002
5004
5005
5007
5008
5009
501
5010
5015
5016
5018
5019
5021
5024
5025
5027
5028
5029
5031
5032
5034
503618
5045
5046
5047
5048
50484
50485
50486
50487
50488
50489
5049
50506
50507
50509
50511
50512
50515
5052
5053
5054
5055
5058
506
50614
50617
50618
5062
50628
5063
50632
50636
5064
50640
50649
50650
50651
5066
50674
5068
50700
5071
5073
5075
5076
5077
5078
5079
5080
50801
50808
50809
50813
50814
5082
50836
50837
50838
50839
50840
50848
50852
50855
50856
50859
50862
50863
50865
5087
509
5090
5091
5092
5093
50937
5094
50943
50944
5095
5096
50964
5099
50999
51
51000
51001
51002
51003
51005
51008
51009
51010
51013
51014
51021
51022
51023
51024
51025
51028
51035
51042
51046
5105
51053
51057
5106
51060
51062
51065
51066
51067
51068
51069
51070
51071
51072
51073
51074
51075
51076
51077
51078
51079
5108
51081
51083
51084
51085
51086
51087
51091
51092
51094
51095
51096
51097
51098
51099
5110
51100
51102
51103
51104
51106
51107
51109
5111
51110
51111
51112
51114
51116
51118
51119
51125
51127
51128
51129
51132
51134
51135
51136
51138
51141
51143
51144
51146
51147
51148
51149
51156
51157
5116
51160
51162
51164
51166
51167
51170
51171
51172
51175
51176
51179
51181
51182
5119
51191
51192
51193
51196
51199
51201
51202
51203
51205
51206
51207
5121
51218
5122
51224
51225
51226
51227
51228
51230
51241
51247
51248
5125
51250
51251
51253
51255
51256
51258
51259
51263
51264
51266
51268
5127
51270
51271
51272
51278
51283
51284
51289
51290
51291
51292
51293
51294
51295
51297
51298
513
5130
51300
51301
51302
51304
51305
51308
51310
51311
51318
5132
51322
51324
5133
51330
51332
51334
51335
51339
5134
51340
51341
51343
51347
51350
51360
51361
51362
51363
51364
51365
51366
51367
51368
51373
51374
51377
51378
51379
5138
51382
51384
51386
5139
51390
51393
51399
514
5140
51400
51411
51412
5142
51421
51422
51426
51428
51429
51433
51434
51435
51438
5144
51440
51441
51444
51447
5145
51451
51454
51455
51458
51460
51465
51466
51471
51473
51474
51477
51478
51479
5148
51490
51493
51495
51497
51499
515
51501
51504
51506
51507
5151
51510
51512
51513
51514
51517
5152
51520
51527
51528
51529
51531
51534
51535
51537
5154
51542
51547
51548
5155
51552
5156
51561
51562
51564
51567
51569
51571
51573
51574
5158
51582
51585
51586
51588
5159
51592
51593
51594
516
5160
51602
51604
51605
51606
51608
5161
51611
51616
51619
5162
51626
5163
51633
51637
5164
51642
51643
51645
51647
51649
5165
51650
51651
51652
51654
51657
51659
5166
51667
51668
51669
5167
51673
5168
51684
51686
5169
51690
51692
51693
51699
517
5170
51700
51701
51702
51703
51706
51714
51715
51719
51720
51726
51727
51728
51733
51735
51738
5174
51741
51744
5175
51750
51752
51754
51755
5176
51760
51762
51763
51765
51768
51773
51776
518
51805
51808
51809
51816
5187
5188
5189
5190
5191
5192
5193
5194
5195
5196
5198
5199
5202
5203
5204
5205
5207
5208
5209
521
5210
5211
5213
5214
5216
5217
5218
522
5223
5224
5225
5226
5228
523
5230
5236
5238
5241
5243
5244
5245
525
5251
5252
5253
5255
5256
5257
526
5260
5261
5264
5265
5266
5267
5269
527
5270
5271
5272
5274
5275
5277
5279
528
5281
5283
5284
5286
5287
5288
5289
529
5290
5291
5292
5293
5294
5295
5296
5297
5298
5300
5304
5305
5306
5307
5308
5309
5310
5311
5313
5314
5315
5317
5318
5319
5320
5321
5325
5327
5328
5329
533
5330
5331
5332
5333
53340
53343
53349
5335
53353
53358
5336
5337
53371
53373
5338
5339
534
5340
53405
53407
5341
5345
5347
5348
5349
535
5350
5351
5352
5354
5358
5359
5360
53615
53616
53630
53632
5364
5365
5366
537
5371
5372
5373
5376
538
53822
53826
53834
53840
53841
539
53904
53905
53916
53919
5393
5394
53944
53947
5395
5396
53981
54
540
54014
54020
54033
5406
54069
5408
54084
5409
54097
54101
54103
54106
54107
5413
5414
54145
541468
54148
54165
5420
54205
54206
54209
54210
5422
54221
5423
5424
5425
5426
5427
5428
5429
5430
5431
5432
5433
54331
54332
5434
54344
54345
5435
5436
54361
54363
5437
5438
54386
5439
5440
54407
5441
54413
5442
54429
5443
54431
54433
54434
5444
54443
5445
54453
5446
54460
54461
54463
54464
54465
54468
54469
5447
54471
54472
54474
54476
54480
54487
54490
54495
54496
54498
54499
545
5450
54505
54509
5451
54511
54512
54514
54516
54517
5452
54520
5453
54531
54534
54537
54538
54539
54541
54543
54545
54546
54549
5455
54550
54551
54552
54555
54556
54566
54567
5457
54575
54577
54578
5458
54583
54585
5459
546
5460
54600
54602
54617
54623
54625
54627
5463
5464
5465
54657
54658
54662
54663
54664
5467
54675
54676
54677
5468
54680
5469
547
5470
54700
54704
54708
5471
54716
54726
5473
54732
54734
54737
54739
54741
5475
54751
5476
54760
54764
54765
54766
54769
54778
5478
54780
54784
54785
54788
5479
54790
54795
5480
54800
54801
54802
54806
54808
54809
5481
54815
54820
54822
54825
54828
54829
54832
54840
54843
54845
54855
548593
548596
54861
54863
54866
54869
54872
54874
54875
54880
54881
54885
54888
54890
54894
54896
54898
54899
549
54900
54901
54902
54903
54904
54905
54908
54910
54913
54915
54918
54919
54920
54921
54922
54926
54927
54928
54929
5493
54930
54931
54934
54935
54936
54938
5494
54941
54947
54948
54949
5495
54956
54959
5496
54960
54962
54963
54965
54969
54971
54973
54974
54977
54978
54979
5498
54981
54982
54984
54986
5499
54994
54995
54996
54997
54998
55
550
5500
55003
55004
55005
55006
5501
55010
55011
55013
55014
55016
55022
55023
55024
55031
55033
55035
55036
55037
55048
55051
55052
55054
55055
55061
55062
55065
55066
5507
55070
55072
55080
55081
55084
55086
55089
551
5510
55101
55105
55107
55109
55110
55112
55113
55117
55120
55124
55125
55127
55128
55129
55130
55135
55139
5514
55140
55142
55143
55144
55145
55147
55149
5515
55154
55157
55159
5516
55160
55161
55163
55164
55165
55166
55167
55168
55170
55171
55172
55173
55174
55177
55178
5518
55180
55181
55182
55183
55186
55187
55188
5519
55190
55191
55193
55197
55198
552
5520
55201
55204
55207
55210
55211
55212
55214
55215
55217
55218
55223
55224
55226
55233
55239
5524
55240
55244
55245
55247
55248
55249
5525
55250
55252
55254
55256
5526
55269
5527
55270
55272
55273
55275
55276
55277
55278
5528
55283
55284
55288
55289
55290
552900
55291
55294
55296
55297
553
5530
55300
55301
55304
5531
553115
55312
55317
5532
55320
55323
55325
55326
55327
55328
5533
55331
55333
55337
55339
5534
55341
55347
55349
55352
55353
55355
55357
5536
55361
55366
55367
5537
5538
55388
5539
554
55421
554210
55423
554313
55432
55435
55437
55450
55454
5546
55466
5547
55471
55486
5549
55500
55501
55503
55505
55506
5551
55512
5552
55521
55527
55529
55532
55534
55544
55553
55556
55559
55568
5557
55571
55572
55576
55577
5558
55584
55593
55600
55601
55602
55604
55610
55611
55612
55613
55614
55615
55616
5562
55620
55621
55623
55624
55625
55626
55627
55629
5563
55633
55636
5564
55644
55646
55647
5565
55650
55651
55652
55654
55655
55656
55658
5566
55660
55661
55662
55664
55666
55669
5567
55670
55677
55679
5568
55681
55683
55689
5569
55690
55691
55693
55695
55696
55697
55698
55699
5570
55703
55704
55705
55706
5571
55711
55714
55715
55716
55717
55718
55719
55722
55723
55726
55729
5573
55735
55737
55738
55739
55740
55741
55742
55743
55744
55745
55746
55748
5575
55750
55754
55755
55756
55757
55759
5576
55761
55763
55764
55765
55768
5577
55770
55773
55775
55777
55779
5578
55781
55783
55788
55789
5579
55790
55791
55794
55795
55796
55798
55799
558
5580
55800
55801
55802
55803
55809
5581
55810
55811
55813
55816
55818
5582
55823
55824
55825
55829
5583
55832
55835
55837
55839
5584
55840
55841
55843
55845
55846
5585
55850
55851
55854
55856
55857
55858
55859
5586
55860
55861
55863
55867
55869
5587
55870
5588
55885
5589
55894
5590
55902
55904
55906
55908
55909
5591
55911
55914
55917
5592
55920
55929
55937
5594
5595
55958
55959
55966
55967
55968
55971
55974
5598
5599
55997
55998
5600
56000
56001
56005
56006
5601
5602
5603
56034
5604
5605
56052
5606
5607
5608
5609
5610
5611
56122
56123
56125
56126
5613
56130
56132
56133
56160
5617
56171
56172
5618
5619
5620
56203
5621
5623
5624
56241
56246
5625
56254
56257
56259
5626
56262
5627
56270
56271
56288
5629
563
56301
56302
5631
56339
56341
5641
56413
5644
5645
5646
56474
56477
56479
5648
5649
5650
5652
5653
5654
56547
56548
5657
566
5660
56603
56605
56606
56616
56623
5663
5664
56647
56649
56652
56655
56658
56667
56670
56681
56683
5669
567
56704
5671
5672
5673
56776
5678
5680
5682
56829
5683
5684
56848
56849
5685
56852
56853
5686
5687
5688
56886
5689
56890
56892
56893
56894
56895
56897
56898
5690
56907
5691
56910
56912
56913
56914
56915
56916
56919
5692
56922
56923
56926
56928
5693
56937
56938
5694
56940
56943
56945
56947
56949
5695
56950
56952
56953
56954
56955
56957
5696
56965
5697
56970
56975
56979
5698
56981
56983
56984
56985
56986
5699
56992
56993
56994
56997
56998
56999
570
5700
57002
57003
57007
5701
57010
57016
5702
57020
57026
57030
57038
5704
57045
57048
5705
57050
57055
57057
5706
57060
5707
5708
57082
57084
57089
5709
57091
57095
57097
571
5710
57103
57104
57107
57109
5711
57110
57111
57113
57115
57117
57118
57119
57120
57122
57126
57127
57129
5713
57132
57134
5714
57142
57143
57144
57146
5715
57153
57154
57158
5716
57161
57162
57165
57167
5717
57171
57175
57178
5718
57182
57187
5719
57190
57192
572
5720
5721
57211
57214
57217
57221
57222
5723
57231
5724
5725
5727
5728
57282
573
5730
57325
57333
57338
5734
57343
57348
5737
57379
57380
57381
5739
57393
57396
5740
57402
57403
574031
574032
574033
57405
57406
57407
5741
57410
57412
57418
5742
5743
5744
574411
57448
5745
57452
57453
57461
57462
57464
57465
57466
57468
5747
57471
57472
57477
57482
57488
57489
57491
57493
57494
57496
57498
575
57502
57505
57506
57508
57510
57511
57519
57520
57521
5753
57530
57531
57533
57535
57539
5754
57540
57542
57545
57546
57551
57552
57553
57554
57555
57556
5756
57560
57561
57562
57570
57571
57576
57580
57584
57589
57590
57591
57599
576
57600
57602
57604
57605
57606
57608
57614
57617
57620
57628
5763
57630
57634
5764
57646
57647
57654
57657
57662
57664
57673
57674
57678
57679
5768
57680
57689
57690
57691
57695
57697
57699
577
5770
57701
57703
57704
57706
57707
57708
57709
5771
57717
57718
57719
57721
57724
57728
57731
57732
57733
5774
5775
57761
5777
57787
57798
578
5780
57804
57805
5781
57817
57819
5782
57822
57826
57828
5783
57830
57834
57835
5784
5786
57863
5787
5788
5789
579
5792
5793
5795
5796
5797
5798
5799
58
580
5800
5801
5802
5803
5805
5806
581
5810
5813
58155
5817
5818
5819
58190
58191
582
5822
5824
5825
5826
5828
5829
583
5830
5831
5832
5833
5836
5837
58476
58477
58478
58480
58484
58485
58487
58488
58489
58490
58493
58494
58495
58497
58498
585
58503
58504
58505
58508
58509
58513
58515
58517
58525
58526
58528
58529
58533
5858
5859
586
5860
5861
5862
5864
5865
5867
5868
5869
587
5870
5871
5872
5873
5874
5875
5876
5877
5879
5880
5881
5883
5884
5885
5886
5887
5888
5889
5890
5892
5893
5894
5896
5898
5899
59
590
5900
5901
5903
5905
5906
59067
5908
5909
5910
5911
5912
5913
5914
5915
5916
5917
5920
5921
5923
5924
5925
5927
59272
59277
5928
59283
59284
59285
5929
593
5930
59307
5931
5932
5933
59335
59338
59339
5934
59341
59343
59344
59345
59349
59352
5936
594
5940
5942
5947
5948
5949
595
5950
5956
5959
596
5962
5965
5966
5970
5971
5972
5973
5976
5977
5978
5979
598
5980
5981
5982
5983
5984
5985
5987
5988
599
5996
5997
5998
5999
60
6000
6001
6002
6004
6005
6009
6010
6011
6014
6015
6016
6017
602
6023
60343
6035
6036
6037
6038
60385
60386
6039
604
60401
6041
60412
60437
6045
6046
60468
6047
6048
60481
60482
60485
60488
60489
6049
60490
60493
60495
60496
6050
60528
60529
60559
60561
6059
60592
60673
60675
60677
60680
60684
607
608
6091
6092
6093
6095
6096
6097
6098
610
6100
6101
6102
6103
611
6117
6118
6119
6120
6121
6122
6124
6125
6128
6129
613
6130
6132
6133
6134
6135
6136
6137
6138
6139
6141
6142
6143
6144
6146
6147
6150
6152
6154
6155
6156
6157
6158
6159
6160
6161
6164
6165
6167
6168
6169
617
6170
6171
6173
6175
6176
6181
6182
6183
6184
6185
6187
6188
6189
6191
6192
6193
6194
6195
6197
6198
6199
6201
6202
6203
6204
6205
6206
6207
6208
6209
6210
6217
6218
622
6222
6223
6224
6227
6228
6229
623
6230
6231
6232
6233
6234
6235
6236
6237
6239
624
6240
6241
6242
6247
6248
6249
6251
6256
6257
6258
6259
6261
6262
6263
627
6271
6272
6273
6275
6278
6279
6280
6281
6282
6284
6285
6286
6288
629
6293
6295
6297
6299
6300
6301
6303
6305
6307
6309
6310
6311
6314
6317
6318
6319
632
6323
6324
6327
6329
633
6330
6331
6335
6336
6337
6338
6339
634
6340
6341
6342
6346
6347
6348
6349
635
6351
6352
6354
6355
6356
6357
6358
6359
636
6363
6364
6366
6367
6368
6369
637
6370
6372
6373
6375
6376
638
6382
63826
63827
6383
6385
6386
6387
63874
63875
6388
6389
63892
63893
63894
63898
63899
6390
63901
63904
63906
6391
63915
63916
63917
6392
63922
63924
63925
63928
63929
63931
63933
63935
63941
63943
6396
63967
6397
63971
63976
63978
63979
6398
6399
640
6400
6401
6402
6403
6404
6405
6406
64061
64062
64064
64065
6407
64072
64077
64078
64080
64081
64083
64087
64089
64093
64094
64096
64098
641
64105
64108
64110
64111
64112
64114
64115
64116
64121
64127
64129
64130
64131
64132
64135
64137
641371
641372
6414
64145
64146
64147
64149
64151
6416
64167
64170
641700
64175
6418
6419
6421
64210
64215
64216
6422
64220
64223
64225
642273
6423
6424
64240
64241
6425
6426
6427
6428
64282
64283
64285
6429
643
6430
6431
6432
64320
64321
64324
64326
64328
64332
643394
6434
64344
64359
64375
64377
64388
6439
64398
644
64400
64403
644096
6441
64410
644150
64419
6442
64421
64422
64423
64425
64426
64428
64429
64432
6444
64446
6445
6446
6448
644815
6449
645
64506
6453
6455
6456
6457
64577
64581
646
64600
64601
6461
6464
646486
646817
64682
64689
6469
646960
64699
6470
64708
64710
64714
6472
6473
6474
64750
64757
6476
64761
64762
64768
64769
6477
64770
64771
64772
6478
64780
64781
64782
64783
64784
64785
64786
64787
64788
64789
64792
64793
64794
64798
648
6480
64801
64802
64805
6482
6483
64834
64837
64839
6484
64841
64843
64844
64848
64849
64850
64852
64853
64855
64857
64858
64859
6487
6489
64895
649
6490
64900
64902
6491
64924
64926
64928
64946
64949
6495
64951
6496
64960
64963
64965
64968
64969
6497
64975
64976
64978
64979
64981
64983
6499
650
6500
65003
65005
65008
65009
65010
65018
6502
6504
6505
65055
65057
6506
6507
65078
6508
65080
65082
65083
6509
65094
651
6510
65109
6511
65110
6512
65123
65125
6513
6514
6515
6517
6518
6519
652
6520
6521
65217
6522
65220
6523
6524
65243
6525
65258
6526
65263
65266
65267
65268
6528
6529
652968
653
6530
6531
653145
653188
6532
653240
6533
653361
6535
653509
653519
6536
653604
653689
6539
654
6540
6541
6542
6543
654483
6546
6547
6548
655
6550
6554
6555
6558
656
6564
6565
6566
6567
6568
6569
657
6570
6571
6572
6573
6576
658
6580
6581
6582
6583
6584
6585
6586
6588
659
6590
6591
6594
6595
6597
65977
6598
65981
65985
65989
6599
65990
65992
65993
660
66004
66005
6601
6602
6603
66035
66036
66037
6604
6605
6606
6607
6608
6609
661
6610
6611
6612
6613
6615
6616
6617
6618
6619
662
6620
6621
6622
6624
6625
6627
6628
663
6631
6632
6633
6634
6635
6636
6637
664
6640
6641
6642
6643
6646
6647
6648
6649
665
6651
6652
6653
6654
6657
6658
6659
666
6660
6662
6664
6665
6667
667
6672
6675
6677
6678
668
6683
6687
6688
669
6691
6693
6695
6696
6697
6698
6699
670
6700
6701
6703
6704
6705
6706
6707
6708
6709
671
6710
6711
6712
6713
6714
6715
6716
6717
6718
672
6720
6721
6722
6723
6725
6726
6727
6728
6729
673
6730
6731
6732
6733
6734
6736
6737
6738
6741
6742
6745
6746
6749
675
6750
6751
6752
6753
6754
6755
6767
6768
677
6770
6772
6773
6774
6775
6776
6777
6778
6779
678
6780
6781
6783
6785
6786
6787
6788
6789
6790
6792
6793
6794
6795
6799
6801
6804
6809
6810
6811
6812
6813
6814
6815
6817
6818
6819
682
6820
6822
6827
6829
683
6830
6832
6833
6834
6836
6839
684
6840
6844
6845
6846
6847
685
6850
6853
6854
6856
6857
686
6860
6861
6863
6865
6866
6868
6869
687
6870
6871
6872
6873
6874
6875
6876
6877
6878
6879
688
6880
6881
6882
6883
6884
6885
6886
6888
6890
6891
6892
6895
6897
6898
6899
6900
6901
6902
6903
6904
6905
6906
6907
6908
6909
6910
6911
6915
6916
6917
6921
6923
6924
6926
6927
6928
6929
6932
6934
6935
6936
6938
6939
694
6940
6944
6947
6948
6949
695
6950
6988
699
6993
6996
6997
6999
70
7001
7003
7004
7005
7006
7009
701
7010
7011
7012
7013
7014
7015
7016
7018
7019
7020
7021
7022
7023
7025
7026
7027
7029
7035
7036
7037
7038
7039
7040
7041
7042
7043
7044
7045
7046
7048
7049
7051
7052
7053
7054
7056
7057
7058
706
7060
7062
7066
7067
7068
7069
7070
7072
7073
7074
7075
7076
7077
7078
708
7080
7082
7083
7084
7086
7087
7088
7089
7090
7091
7092
7093
7094
7095
7096
7097
7098
7099
71
710
7100
7101
7105
7107
7108
7109
7110
7111
7113
7114
712
7122
7123
7124
7125
7126
7128
713
7130
7132
7133
7134
7135
7136
7137
7138
7139
714
7140
7141
7143
7148
715
7150
7153
7155
7156
7157
7158
7159
716
7161
7164
7166
7167
7168
7169
717
7170
7171
7172
7175
7177
7178
718
7181
7182
7184
7185
7186
7187
7188
7189
719
72
720
7203
7205
721
7216
722
7220
7222
7223
7224
7225
7226
7227
724027
724033
7247
7248
7249
725
7251
7252
7253
7257
7258
7260
7263
7264
7266
7267
7268
727
7270
7272
7273
7274
7275
7276
7277
727800
727897
727910
727936
728
728294
7283
728318
728343
728358
7284
728441
728492
728568
728642
7287
728712
7288
7289
729
7290
7291
729230
729238
7293
7294
729438
7295
7296
7297
7298
729873
7299
729920
730
7301
7305
7306
7307
730755
731
7311
7314
7316
7318
7319
732
7320
7321
7322
7323
7324
7325
7326
7327
7328
7329
733
7332
7334
7335
7336
7337
7341
7342
7343
7345
7349
735
7350
7351
7352
7353
7355
7356
7357
7358
7360
7363
7364
7366
7367
7368
7369
7371
7372
7374
7375
7376
7378
738
7381
7384
7385
7386
7388
7389
7390
7391
7392
7398
7399
740
7401
7402
7405
7407
7408
7409
7410
7412
7414
7415
7416
7417
7421
7422
7423
7424
7428
7429
7430
7431
7432
7433
7436
7439
7442
7443
7444
7448
7450
7453
7454
7456
7458
746
7462
7465
7466
7468
7469
747
7471
7472
7473
7474
7475
7476
7477
7478
7479
7480
7481
7482
7483
7484
7486
7490
7494
7498
7507
7508
751071
7511
7514
7515
7516
7517
7518
752
7520
752014
7525
7528
7529
753
7531
7532
7533
7534
7535
7536
7538
754
7545
7546
7547
755
7555
7564
759
7596
760
761
762
7629
763
7644
765
768
768211
7694
7702
7703
7704
7706
7707
7709
771
7716
7726
773
7732
7737
774
775
7755
7756
776
777
778
7782
7784
7786
779
7791
780
7804
781
7812
7813
7818
782
7827
783
7832
7837
784
7840
7841
7844
7846
7849
785
7850
7852
7855
7857
786
7862
7867
7869
7871
7873
7874
7879
788
7881
7884
78986
78987
78988
78989
78990
78991
78995
78996
790
79000
79001
79002
79003
79004
79008
79017
79019
79023
79026
79027
7903
79031
79035
79036
79037
79039
79042
79050
79053
79054
79065
79066
79068
79070
79071
79072
79073
79074
79075
79077
79084
79085
79087
79090
79091
79092
79094
790955
79101
79102
79109
7913
79132
79133
79135
79139
79142
79143
79147
7915
79152
79153
79154
79155
79156
79158
7917
79172
79176
79178
79184
79187
79188
7919
7920
79228
7923
793
7932
7936
79366
79369
7940
79400
7941
79412
79413
7942
79441
79443
79444
79447
79465
79567
79568
7957
79574
79576
79577
79581
79582
79585
79586
79589
79590
79591
79594
79596
79598
796
79600
79602
79603
79605
79609
79611
79612
79618
79623
79624
79625
79631
79641
79643
79644
79646
79648
79649
7965
79650
79659
79660
79661
79664
79668
79670
79671
79675
79677
79679
79680
79682
79683
79689
79690
79691
79695
79699
797
79705
79706
79707
79709
79711
79714
79717
79718
79720
79723
79725
79726
79727
79728
79733
79734
79735
79736
79738
79739
79746
79751
79752
79753
7976
79760
79763
79768
7978
79784
79791
79796
79799
79800
79803
79805
79809
79812
79813
79816
79817
79820
79823
79827
79828
79829
79831
79833
79834
79837
7984
79840
79844
79845
79848
79849
79853
79858
79865
79866
79867
79868
79869
79871
79872
79873
79874
79876
79884
79885
79886
79887
79888
79892
79897
79899
799
79901
79902
79903
7991
79912
79913
79915
79918
79922
79923
79924
7993
79931
79934
7994
79944
79947
79953
79959
79960
79966
79969
79971
79977
79982
79983
79989
79991
79993
79998
800
8000
80000
80004
80005
8001
80010
80011
80012
80014
80020
80024
80025
80028
80034
80036
80055
801
80114
80119
80124
8013
80131
80139
80142
80145
80149
80150
80152
80153
80155
80168
80169
80173
80174
80179
80183
80184
80196
80198
80199
80201
80207
80208
8021
80216
80217
80218
8022
80221
80222
80223
80224
80230
80231
80233
80237
80254
80267
8027
80270
80271
80279
8029
80304
80308
8031
80311
80312
80314
80317
80319
80321
80323
80324
80326
80328
80329
80331
80333
80335
80339
80341
80346
80347
80349
80351
8036
8038
80380
80381
8048
805
8050
8061
8065
80700
80704
80705
80724
80725
80727
80728
80736
80739
8074
80746
80758
80762
80763
80764
80765
80772
80776
80777
8078
80781
80789
808
80816
8082
80820
80821
80824
80829
80833
80834
80835
8085
80853
80854
80856
8086
8087
8089
80896
8091
8092
81
8100
81029
81030
81031
81034
81035
8106
811
8115
8125
81285
8131
814
8140
8148
81490
81494
815
81502
81537
81539
81542
81545
81554
81556
81559
81562
81565
81566
81570
81573
81579
816
81602
81603
81605
81607
81608
81609
81610
81611
81616
81617
81618
81619
81620
81622
81623
81631
81671
81693
817
81704
8174
8175
8178
81788
81792
81793
818
81832
81844
81847
81850
81851
81853
81855
81857
81858
81870
81875
81876
81887
81889
8189
81890
819
8192
81926
81929
81930
81931
8195
820
8200
8202
8204
8208
821
8214
8216
8218
822
8224
8226
8227
8228
823
8233
8239
824
8242
8243
825
826
8260
8263
8266
8277
8284
8287
8289
829
8290
8291
8292
8293
8294
8295
830
8301
8303
8309
831
8310
8312
8313
8314
8315
8317
8318
832
8320
8321
8322
8323
8324
8325
8326
8328
833
8339
83394
834
83401
8343
83439
8344
83440
83449
83452
8346
83460
83464
8347
83475
83480
83481
83483
8349
835
8350
8351
8352
8353
83538
83539
8354
83544
83547
83548
83549
8355
8356
8357
8358
8359
83590
83594
83595
83596
836
8360
83605
8361
8362
8363
83636
83637
8364
83640
8365
83657
83658
8366
83660
83666
83667
8367
8368
83690
83695
83696
837
8370
83700
83706
83715
83716
83719
8372
83732
83734
83737
83740
83743
83746
83752
83756
83786
8379
83795
8382
83850
83852
83853
83857
83860
83862
83871
83873
83874
8388
83884
83891
83894
83895
83896
83897
83899
839
83900
83901
83902
83903
83930
83932
83933
83938
83939
8394
8395
83959
8396
8398
83987
8399
83990
840
84002
8402
84033
84058
84059
84061
84062
84067
84068
84069
8407
84071
84074
84079
8408
84081
84083
84084
8409
841
84100
84101
84108
8411
8412
84126
84128
84129
84131
84133
84135
84140
84142
84148
84152
84154
84159
8416
84162
84164
84166
84168
8417
84172
84174
84181
84188
84189
84191
84193
84197
842
84216
84219
84230
84231
84232
8424
84240
84243
84245
84246
84248
8425
84250
84255
84258
84260
84262
84265
84266
84268
84271
84273
84274
84275
8428
84282
84286
84287
84289
84290
84293
84296
84299
843
84300
84301
84302
84303
84305
84309
8431
84311
84313
84314
84317
84320
84321
84324
84329
84334
84335
8434
84340
84342
8435
8436
84364
8437
84376
8438
8439
844
8440
8443
84433
8444
84440
84441
84444
84446
84447
8445
8446
84464
84466
8448
845
8450
84501
84502
8451
84513
84515
84516
8452
84522
84524
84525
84529
8453
84530
84532
8454
84541
84545
84552
84557
8456
84572
8458
8459
846
8460
84612
84616
84618
84619
8462
84620
8463
84630
84631
84632
8464
84643
84648
84649
84656
84659
84660
84661
84665
84668
8467
84678
84679
8468
84687
84693
84695
84699
847
84706
84717
84722
84725
8473
84733
84749
84750
84759
8476
84766
84769
84779
84787
8479
84790
8480
84803
8481
84812
84817
8482
8483
84830
84836
8484
84851
84861
84867
84868
84869
8487
84870
84872
84875
84876
84879
84881
84883
84885
84888
84889
84890
84891
84892
84893
84894
84895
84897
84899
8490
84902
84909
8491
84910
84912
84913
84916
84919
8493
84930
84932
84934
84936
84942
84947
84952
84957
84962
84967
8497
84976
84984
84985
84987
8499
84991
84992
8500
85004
85007
8501
85015
8502
8503
8504
8505
8506
8507
8509
8514
8515
8516
8517
8519
8520
8521
85236
8525
8526
8527
8528
85280
85285
85289
8529
85291
85293
85294
8530
85300
85302
8531
85320
85329
8533
8534
85358
8536
85360
85363
85364
85365
85366
85369
85377
85378
85397
8540
85403
85407
85409
8541
85413
85414
8542
85439
8544
85440
85446
85451
85453
85456
85458
85459
8546
85462
85464
85465
85476
85477
85478
8548
85480
8549
8550
8553
8554
8555
8556
8557
8558
8560
8562
8563
8564
8565
8566
8567
8569
857
8570
8572
8573
8574
8575
8576
8578
858
859
86
860
8600
8601
8602
8604
8605
8607
8608
8609
861
8611
8612
8613
8614
8615
8620
8621
8624
8626
8629
863
8630
8631
8632
8636
8638
8639
864
8642
8643
8644
8645
8646
8647
8648
8649
865
8650
8651
8655
8658
8659
8660
8661
8662
8663
8664
8665
8666
8667
8668
8669
867
8671
8672
8673
8674
8675
8676
8677
8678
868
8682
8683
8685
8687
8688
8689
8690
8692
8693
8694
8697
8698
87
8701
8702
8703
8704
8705
8706
8707
8708
871
8711
8714
8717
87178
8718
8720
8721
8722
8723
8724
8725
8726
8727
8728
8729
873
8731
8732
8733
8735
8736
8737
8738
8739
874
8740
8741
8742
8743
8744
8745
8747
8748
875
8751
8754
8760
8763
8764
8766
8767
8771
8772
8773
8774
8775
8776
8780
8784
8785
8786
8787
8788
8789
8790
8792
8795
8796
8797
8799
88
8800
8801
8802
8803
8805
8807
8808
8809
8812
8813
8815
8817
8818
8820
8821
8822
8823
8824
8825
8826
8828
8829
883
8832
8833
8835
8837
8838
8840
8841
8842
8844
88455
8846
8850
8851
8852
8854
8856
8858
8859
886
8861
8862
8863
8864
8867
8869
887
8870
8871
8872
8874
88745
8875
8876
8877
8878
8879
8881
8882
8883
8884
8887
8888
889
8890
8891
8892
8893
8894
8895
8896
8897
8898
89
890
8900
8904
8905
8907
8908
891
8910
8912
8913
8914
8915
892
8924
8927
8928
8929
8930
8932
8934
8936
8938
894
8941
8942
8943
8945
896
8968
8970
8972
8975
8976
89765
89780
89781
89790
89795
898
89801
89822
89839
8985
89853
8986
89866
89869
8987
89870
89872
89874
8988
89885
8989
89891
899
8992
8993
8994
89941
8995
89958
8996
8997
89978
8999
9
90
9001
9002
90025
90060
90070
90102
9013
9014
9015
9016
90161
902
9020
9021
9022
9023
9024
90249
9025
9026
90268
9027
90293
9031
9032
9033
90353
90355
90379
90381
90390
904
90410
90411
90417
90423
90427
9043
9044
90441
9045
90459
9046
9047
9048
90480
9049
905
90527
9053
9054
9055
90550
9056
9057
9058
90580
9060
9061
90624
90627
9063
90639
9064
90678
9070
9076
9077
90780
908
90806
90809
9082
9083
9085
90850
90853
90865
9087
90871
9088
9091
9092
90933
9094
90952
9096
9097
9099
90993
91
9100
9101
91010
91012
91056
9107
9108
9110
9111
9112
9113
91137
9114
91147
9119
912
9123
9124
9125
91252
9126
9127
91272
9129
9131
91319
9132
9133
9134
9135
9136
9138
9139
91392
914
9140
91404
9141
91419
91442
91445
91452
9146
91461
9147
9148
9149
915
9150
9152
91543
9156
9158
9159
916
91603
91607
9162
91653
91662
91663
9167
91687
91689
9169
917
9170
91703
91734
91746
9175
91752
91754
91782
9179
9180
91801
91807
9181
9183
9184
9185
91851
9187
91875
9188
919
9191
9194
91942
91947
91949
9196
91966
9197
92
920
9200
9201
9202
9203
9204
9208
9210
92105
9211
9212
92126
9213
9214
92140
9215
92154
92162
9217
92170
9218
9219
9220
9221
92211
9223
92241
92255
92259
9227
923
9230
92305
9231
9232
92335
92345
92359
92369
92370
9238
92399
924
9241
92421
9244
9245
9246
9247
92483
9249
9252
9254
9255
9256
92565
92579
9258
92597
926
9260
92609
9261
92610
9263
9266
92667
9270
9271
92714
92715
92745
92747
92749
9276
9277
92797
928
92815
9282
9283
92840
92856
9289
929
9290
92906
92912
9293
92935
9294
9295
9296
92960
93
930
93010
93034
9306
9308
931
93100
93107
9311
9312
9313
9314
93145
9318
93183
9319
9320
9321
93210
93233
9325
9328
9329
933
9330
9331
9332
93323
9333
9334
93343
9337
93408
9341
9342
93426
9344
9348
9349
93492
9350
9353
9356
93587
9360
9361
9362
93627
9363
93649
9365
93663
9367
9368
9369
9370
9371
9372
9373
9374
9377
9378
9379
9380
9381
9382
9388
939
9390
9391
9392
9394
9397
93974
93986
94
940
9400
94005
9401
9402
94025
9403
94033
9404
94056
9407
94081
9409
941
94101
94103
94107
9411
94121
94134
94137
9414
9415
9416
942
9420
9421
94233
94234
94241
9425
9426
9429
943
9435
9436
9437
9439
944
9440
9441
9442
9443
9445
9446
9447
9448
945
9450
9451
9453
9454
9455
9456
9463
9464
9466
9468
9469
947
9470
9472
9474
9475
9476
9477
948
9480
9481
9482
9487
9488
949
9491
9493
9495
9496
9497
9498
9499
95
950
9500
9507
9508
9510
9512
9514
9517
9518
952
9520
9521
9522
9524
9525
9526
9527
9528
9529
953
9530
9531
9532
9533
9536
9538
954
9540
9542
9545
955
9550
9551
9553
9554
9555
9557
9559
956
9562
9563
9564
9568
95681
957
9570
9572
9573
9575
9576
9577
9578
958
9581
9582
9583
9584
9585
9587
9588
9589
959
9590
960
9600
9601
9604
9605
9607
961
9611
9612
9615
9617
9618
9619
9620
9622
9623
9626
9627
9628
9630
9631
9632
9636
9637
9638
9639
9641
9644
9645
96459
9646
9647
9648
9649
965
9651
9652
9653
9654
9655
9656
9657
9659
966
9662
9663
9665
9669
967
9670
9672
9673
9675
96764
9677
9679
9681
9682
9683
9684
9686
9688
9692
9693
9695
9696
9697
9698
9699
970
9700
9702
9704
9705
9706
9709
9710
9711
9712
9716
9718
9719
972
9722
9727
9730
9732
9733
9734
9735
9736
9737
9738
9739
9742
9747
9748
9749
975
9750
9757
9758
9759
976
9760
9761
9765
9767
9768
977
9770
9774
9775
9776
9777
9779
978
9780
9782
9784
9785
9787
9788
9790
9791
9792
9793
9794
9797
9798
9801
9804
9806
9807
9810
9811
9812
9814
9815
9817
9818
9820
9821
9825
9826
9827
9828
983
9830
9833
9836
9837
984
9843
9844
9846
9847
9851
9854
9855
9856
9858
9861
9862
9863
9867
9868
9869
9871
9873
9874
9877
988
9882
9883
9885
9887
989
9891
9892
9894
9895
9896
9898
990
9902
9903
9905
9907
9908
9909
991
9911
9913
9915
9918
9919
9921
9924
9926
9927
9928
993
9935
9936
9937
9938
9939
994
9942
9943
9945
9948
995
9950
9953
9955
9956
9957
9958
996
9960
9961
9962
9963
9965
9966
9967
9968
9969
997
9970
9971
9972
9973
9975
9978
998
9980
9982
9984
9985
9986
9987
999
9990
9991
9992
9993
9994
9997
