13180284
13181077
13181457
13183306
13184485
13185652
13186571
13187936
13188172
13188264
13189316
13189638
13190284
13190517
13190610
13190936
13191153
13191306
13191578
13191724
13192056
13193758
13197147
13198072
13210326
13212672
13214951
13215535
13218078
13218291
13220270
13221552
13223232
171590
171591
171592
171593
171594
171595
171599
171601
171602
171604
171607
171608
171610
171615
171617
171619
171621
171622
171623
171624
171625
171627
171628
171630
171635
171636
171639
171641
171642
171643
171644
171645
171646
171647
171649
171650
171652
171654
171656
171657
171659
171661
171662
171666
171670
171671
171672
171675
171677
171678
171679
171682
171683
171684
171685
171687
171689
171691
171692
171694
171696
171697
171700
171704
171705
171706
171707
171710
171711
171712
171714
171715
171716
171722
171723
171725
171726
171727
171735
171736
171737
171738
171739
171743
171744
171745
171747
171749
171750
171751
171752
171753
171755
171756
171758
171761
171762
171763
171765
171766
171767
171768
171769
171770
171774
171775
171776
171778
171780
171782
171783
171784
171785
171786
171787
171788
171789
171791
171792
171793
171794
171797
171798
171800
171801
171802
171803
171804
171807
171809
171810
171811
171818
171819
171821
171829
171831
171832
171833
171834
171835
171836
171838
171840
171841
171842
171844
171846
171849
171850
171852
171853
171854
171856
171857
171858
171859
171860
171865
171866
171867
171868
171872
171873
171876
171877
171878
171880
171882
171883
171884
171885
171886
171887
171888
171889
171890
171891
171892
171893
171894
171895
171896
171897
171900
171901
171904
171906
171907
171908
171911
171912
171913
171914
171915
171916
171917
171919
171920
171922
171923
171924
171925
171926
171927
171928
171932
171933
171934
171935
171936
171938
171939
171941
171942
171943
171944
171945
171947
171948
171949
171950
171951
171952
171953
171954
171956
171957
171958
171959
171960
171962
171963
171964
171965
171966
171968
171970
171972
171973
171974
171975
171977
171978
171979
171980
171981
171985
171986
171987
171988
171990
171994
171995
171996
171997
171998
172004
172005
172007
172008
172009
172010
172013
172015
172016
172018
172020
172021
172023
172024
172025
172026
172027
172028
172029
172030
172032
172033
172034
172036
172037
172039
172041
172044
172045
172046
172047
172052
172053
172054
172059
172060
172061
172062
172064
172065
172066
172067
172068
172070
172071
172072
172073
172074
172076
172077
172078
172079
172081
172082
172088
172090
172091
172092
172093
172097
172098
172099
172100
172103
172104
172105
172108
172110
172116
172118
172119
172121
172122
172123
172127
172128
172129
172130
172133
172134
172137
172138
172139
172140
172141
172142
172143
172145
172146
172147
172148
172149
172150
172151
172152
172153
172155
172156
172157
172158
172159
172161
172162
172163
172164
172167
172169
172170
172172
172174
172175
172178
172179
172180
172181
172182
172184
172186
172189
172190
172191
172192
172193
172195
172196
172199
172201
172203
172204
172207
172208
172209
172210
172211
172212
172213
172214
172215
172216
172218
172219
172221
172222
172223
172224
172225
172226
172231
172232
172233
172234
172236
172238
172240
172241
172242
172243
172244
172245
172247
172249
172250
172251
172252
172253
172255
172257
172258
172259
172261
172262
172263
172264
172267
172268
172269
172273
172274
172275
172276
172277
172278
172280
172281
172282
172283
172284
172287
172288
172291
172295
172296
172297
172298
172300
172301
172302
172303
172304
172305
172308
172309
172310
172311
172312
172313
172316
172317
172319
172320
172321
172325
172326
172327
172329
172330
172333
172334
172335
172338
172340
172342
172344
172345
172346
172347
172348
172350
172351
172353
172354
172355
172357
172358
172360
172361
172363
172364
172366
172367
172368
172370
172371
172372
172373
172374
172375
172376
172381
172382
172388
172389
172390
172391
172392
172393
172394
172395
172396
172397
172398
172399
172400
172401
172402
172404
172405
172406
172408
172409
172410
172411
172412
172413
172414
172418
172419
172420
172422
172423
172424
172426
172427
172429
172430
172431
172432
172433
172434
172435
172437
172438
172439
172440
172441
172442
172444
172450
172452
172454
172455
172458
172459
172460
172461
172462
172463
172464
172465
172466
172467
172468
172470
172471
172472
172473
172474
172476
172477
172479
172481
172483
172485
172486
172487
172488
172489
172491
172493
172496
172497
172498
172499
172501
172502
172504
172505
172506
172507
172508
172509
172510
172511
172512
172513
172514
172515
172518
172520
172521
172522
172523
172524
172526
172527
172528
172529
172531
172532
172533
172535
172536
172538
172539
172540
172542
172544
172545
172546
172548
172549
172550
172552
172553
172554
172556
172558
172559
172560
172561
172562
172563
172568
172571
172572
172574
172575
172577
172580
172581
172582
172584
172586
172587
172589
172591
172592
172593
172594
172595
172596
172597
172598
172602
172603
172604
172605
172607
172609
172610
172611
172612
172613
172614
172615
172616
172617
172620
172621
172622
172624
172625
172626
172628
172630
172631
172632
172633
172635
172636
172637
172638
172639
172640
172641
172643
172644
172646
172647
172648
172651
172653
172655
172656
172657
172659
172660
172661
172663
172664
172665
172667
172668
172670
172672
172673
172674
172675
172676
172677
172679
172680
172681
172682
172683
172684
172685
172686
172687
172689
172690
172691
172692
172693
172694
172695
172697
172698
172699
172700
172703
172704
172705
172706
172709
172711
172712
172713
172715
172716
172718
172719
172720
172723
172725
172726
172728
172729
172730
172732
172733
172734
172735
172736
172737
172739
172741
172742
172743
172744
172746
172747
172748
172750
172751
172752
172755
172756
172757
172759
172760
172761
172764
172766
172768
172769
172770
172771
172773
172775
172776
172777
172778
172779
172780
172782
172783
172784
172786
172788
172789
172790
172794
172797
172799
172800
172801
172802
172803
172804
172805
172807
172808
172809
172812
172813
172814
172815
172816
172817
172818
172820
172821
172822
172823
172825
172826
172829
172830
172831
172832
172833
172836
172837
172838
172839
172840
172841
172842
172844
172845
172847
172849
172851
172854
172856
172857
172858
172859
172860
172863
172864
172866
172867
172868
172870
172872
172873
172878
172880
172881
172882
172883
172884
172885
172886
172888
172889
172890
172891
172893
172895
172896
172901
172904
172905
172907
172910
172911
172914
172915
172917
172918
172920
172921
172922
172923
172924
172925
172926
172928
172929
172930
172933
172936
172937
172938
172939
172940
172941
172942
172943
172944
172946
172948
172949
172950
172952
172954
172955
172957
172958
172959
172963
172964
172965
172966
172968
172969
172970
172972
172975
172976
172977
172978
172979
172981
172984
172986
172988
172989
172992
172993
172995
172996
172997
172999
173000
173001
173003
173004
173005
173006
173007
173013
173014
173015
173016
173018
173019
173022
173023
173026
173027
173028
173031
173033
173038
173039
173041
173042
173044
173051
173053
173054
173058
173064
173065
173067
173069
173070
173071
173072
173073
173074
173075
173076
173077
173078
173079
173081
173084
173085
173086
173092
173096
173099
173100
173104
173105
173116
173117
173118
173120
173121
173122
173123
173124
173125
173128
173129
173133
173134
173136
173137
173138
173139
173140
173141
173142
173143
173144
173146
173147
173149
173151
173152
173153
173155
173156
173157
173158
173160
173161
173162
173163
173165
173166
173167
173168
173169
173171
173174
173175
173176
173177
173180
173181
173182
173187
173188
173189
173191
173192
173193
173194
173196
173197
173198
173200
173201
173202
173203
173204
173205
173206
173207
173209
173213
173214
173216
173217
173218
173220
173221
173222
173223
173224
173225
173226
173227
173228
173229
173231
173232
173233
173234
173235
173236
173237
173238
173243
173244
173252
173254
173255
173256
173257
173260
173262
173269
173270
173271
173273
173276
173277
173278
173279
173280
173281
173282
173285
173287
173288
173293
173294
173296
173299
173300
173301
173303
173304
173306
173308
173309
173310
173311
173312
173313
173314
173316
173319
173320
173321
173322
173323
173324
173325
173327
173328
173329
173330
173331
173332
173334
173335
173336
173337
173338
173339
173340
173341
173342
173345
173346
173347
173348
173349
173351
173352
173353
173354
173355
173356
173357
173360
173362
173365
173366
173368
173369
173371
173372
173373
173374
173382
173383
173384
173385
173388
173389
173390
173391
173392
173394
173396
173398
173399
173400
173401
173403
173404
173407
173408
173410
173414
173415
173416
173418
173419
173421
173422
173424
173427
173428
173431
173432
173433
173434
173435
173436
173437
173439
173440
173441
173444
173448
173449
173450
173451
173454
173457
173458
173459
173460
173461
173462
173466
173467
173468
173471
173476
173478
173482
173484
173489
173493
173496
173497
173498
173499
173500
173501
173502
173503
173505
173507
173509
173510
173511
173512
173513
173517
173518
173520
173521
173524
173525
173526
173536
173538
173539
173541
173548
173552
173555
173558
173561
173564
173566
173569
173571
173574
173575
173579
173580
173581
173586
173587
173589
173590
173591
173592
173595
173597
173599
173601
173602
173603
173604
173606
173610
173611
173614
173615
173617
173621
173622
173624
173625
173626
173632
173637
173638
173641
173648
173649
173650
173651
173652
173653
173654
173655
173656
173659
173668
173669
173671
173674
173678
173680
173681
173682
173685
173686
173688
173690
173693
173695
173696
173700
173701
173702
173703
173707
173710
173711
173712
173713
173714
173715
173716
173717
173724
173726
173728
173735
173736
173740
173742
173744
173746
173747
173748
173749
173750
173751
173753
173754
173755
173758
173762
173763
173764
173765
173767
173768
173769
173771
173772
173773
173775
173777
173778
173779
173780
173783
173784
173785
173786
173788
173793
173794
173795
173797
173799
173805
173807
173808
173809
173810
173811
173812
173818
173819
173820
173822
173823
173824
173826
173827
173828
173830
173836
173837
173840
173841
173842
173843
173846
173847
173848
173850
173851
173852
173854
173855
173858
173859
173860
173863
173864
173867
173868
173869
173870
173872
173873
173874
173876
173879
173884
173886
173891
173894
173895
173896
173901
173902
173904
173906
173907
173908
173910
173911
173912
173914
173915
173916
173917
173919
173920
173921
173922
173923
173926
173927
173929
173930
173931
173932
173933
173936
173937
173939
173941
173943
173944
173945
173946
173947
173948
173952
173953
173954
173955
173956
173957
173958
173959
173961
173962
173963
173967
173968
173969
173971
173973
173976
173978
173979
173981
173983
173985
173986
173987
173988
173989
173990
173991
173992
173998
173999
174000
174002
174004
174005
174006
174010
174011
174012
174016
174017
174018
174019
174023
174024
174026
174027
174029
174031
174032
174034
174036
174038
174039
174040
174041
174044
174048
174049
174050
174051
174052
174053
174055
174056
174058
174059
174062
174066
174067
174070
174072
174074
174076
174080
174081
174087
174089
174090
174091
174092
174095
174096
174097
174102
174103
174105
174106
174107
174109
174111
174112
174116
174118
174120
174121
174122
174124
174126
174127
174128
174130
174132
174133
174134
174135
174136
174137
174138
174140
174141
174143
174144
174146
174148
174149
174150
174151
174152
174153
174154
174155
174158
174159
174161
174163
174164
174165
174166
174168
174170
174171
174173
174174
174175
174176
174177
174179
174180
174181
174182
174184
174185
174186
174187
174188
174189
174192
174193
174194
174195
174197
174198
174202
174203
174205
174207
174208
174210
174215
174216
174218
174224
174225
174226
174230
174231
174232
174233
174234
174235
174236
174237
174238
174239
174240
174242
174243
174244
174246
174247
174250
174252
174253
174254
174255
174256
174257
174259
174260
174261
174263
174264
174265
174266
174267
174268
174269
174271
174272
174274
174275
174278
174279
174280
174282
174283
174284
174285
174286
174287
174288
174289
174290
174291
174292
174293
174295
174296
174299
174300
174301
174303
174305
174307
174309
174310
174311
174312
174313
174314
174315
174316
174317
174318
174319
174320
174321
174322
174323
174325
174326
174327
174328
174329
174330
174331
174332
174333
174334
174336
174337
174339
174340
174342
174343
174346
174347
174350
174351
174352
174353
174357
174358
174362
174364
174365
174367
174368
174369
174370
174371
174373
174374
174375
174376
174378
174379
174380
174381
174385
174387
174390
174392
174393
174394
174395
174396
174398
174399
174401
174402
174407
174409
174410
174413
174414
174416
174417
174418
174419
174421
174422
174423
174424
174426
174427
174428
174430
174431
174432
174433
174434
174436
174437
174438
174440
174442
174443
174444
174447
174449
174450
174451
174452
174453
174456
174458
174460
174461
174462
174463
174464
174467
174469
174470
174471
174473
174475
174476
174477
174478
174480
174481
174482
174483
174484
174485
174487
174490
174491
174493
174494
174497
174498
174503
174504
174505
174506
174507
174510
174511
174512
174514
174515
174516
174518
174519
174520
174521
174525
174526
174527
174528
174530
174531
174532
174533
174534
174535
174538
174540
174542
174543
174544
174546
174547
174548
174551
174552
174553
174554
174555
174556
174557
174560
174562
174563
174566
174567
174568
174569
174571
174572
174574
174575
174576
174577
174578
174579
174580
174582
174584
174585
174586
174587
174588
174589
174590
174591
174594
174595
174596
174597
174598
174600
174601
174602
174603
174606
174609
174611
174612
174614
174620
174621
174622
174624
174626
174630
174631
174632
174634
174637
174638
174642
174643
174645
174646
174647
174649
174652
174653
174654
174655
174657
174658
174659
174660
174661
174662
174663
174664
174665
174666
174669
174672
174673
174674
174675
174676
174677
174678
174680
174681
174683
174685
174686
174687
174689
174690
174691
174692
174693
174694
174695
174696
174697
174698
174699
174700
174701
174702
174705
174706
174707
174709
174710
174711
174712
174713
174715
174716
174717
174718
174720
174721
174722
174725
174726
174727
174728
174731
174732
174734
174737
174739
174741
174743
174744
174745
174746
174747
174748
174749
174751
174753
174757
174760
174761
174762
174763
174764
174765
174766
174768
174770
174771
174772
174773
174775
174776
174777
174778
174779
174781
174782
174784
174785
174786
174788
174789
174790
174792
174793
174795
174797
174798
174799
174800
174801
174802
174803
174805
174807
174808
174809
174812
174815
174816
174818
174821
174822
174823
174824
174825
174826
174827
174829
174830
174832
174833
174834
174835
174836
174838
174839
174840
174841
174842
174843
174844
174847
174848
174849
174850
174856
174858
174860
174861
174862
174863
174864
174865
174866
174868
174869
174870
174871
174872
174873
174874
174875
174878
174881
174884
174889
174892
174894
174896
174898
174899
174900
174901
174907
174908
174909
174911
174912
174913
174914
174915
174922
174924
174926
174927
174928
174931
174932
174933
174934
174935
174939
174941
174942
174945
174947
174951
174953
174955
174956
174957
174958
174959
174960
174961
174962
174963
174964
174965
174966
174968
174971
174973
174974
174975
174976
174977
174978
174979
174980
174982
174983
174986
174988
174990
174991
174992
174993
174994
174996
174997
174998
174999
175001
175006
175007
175008
175010
175012
175015
175017
175018
175020
175021
175022
175023
175024
175025
175026
175027
175028
175029
175033
175034
175035
175036
175038
175039
175040
175043
175047
175049
175050
175052
175054
175056
175058
175059
175062
175064
175066
175067
175069
175070
175071
175073
175074
175078
175079
175080
175081
175082
175083
175084
175085
175086
175088
175089
175090
175091
175092
175094
175096
175097
175098
175099
175100
175101
175102
175103
175105
175107
175109
175110
175112
175113
175117
175118
175121
175123
175125
175126
175129
175130
175132
175133
175138
175139
175141
175142
175143
175145
175148
175149
175150
175152
175153
175155
175156
175159
175161
175162
175166
175167
175168
175171
175172
175173
175174
175175
175176
175178
175184
175185
175186
175189
175191
175192
175193
175195
175196
175201
175202
175203
175204
175205
175206
175207
175209
175210
175211
175212
175216
175217
175218
175220
175221
175223
175226
175227
175228
175230
175231
175233
175235
175236
175237
175238
175240
175242
175243
175244
175245
175246
175247
175248
175249
175250
175251
175252
175253
175254
175255
175261
175268
175270
175272
175273
175275
175277
175281
175284
175286
175297
175298
175299
175300
175303
175306
175307
175308
175309
175310
175311
175315
175316
175319
175325
175326
175329
175331
175332
175335
175337
175338
175339
175341
175342
175343
175344
175346
175350
175351
175353
175355
175356
175359
175360
175361
175367
175369
175370
175371
175372
175373
175376
175377
175378
175381
175384
175387
175388
175391
175393
175394
175395
175397
175398
175400
175401
175403
175404
175405
175407
175410
175413
175414
175416
175419
175421
175422
175423
175426
175428
175429
175430
175432
175433
175434
175436
175438
175439
175440
175441
175442
175443
175444
175445
175446
175448
175449
175451
175452
175454
175455
175457
175459
175460
175461
175462
175463
175464
175465
175466
175467
175468
175469
175470
175471
175472
175473
175474
175475
175476
175478
175480
175481
175484
175485
175487
175488
175489
175490
175492
175493
175494
175495
175497
175498
175499
175500
175501
175502
175503
175504
175505
175507
175508
175511
175513
175514
175517
175519
175520
175521
175524
175525
175526
175528
175530
175531
175532
175533
175534
175535
175536
175538
175539
175540
175541
175542
175543
175544
175545
175546
175547
175548
175549
175550
175551
175552
175555
175556
175557
175559
175560
175561
175562
175564
175565
175566
175570
175571
175572
175573
175574
175576
175577
175578
175581
175582
175583
175584
175585
175586
175587
175588
175590
175591
175592
175593
175595
175596
175597
175598
175599
175600
175601
175602
175603
175604
175605
175606
175607
175608
175609
175610
175611
175612
175613
175614
175617
175618
175620
175621
175622
175623
175625
175628
175629
175630
175631
175634
175635
175636
175637
175638
175642
175643
175644
175645
175646
175647
175649
175650
175653
175654
175656
175658
175659
175660
175661
175662
175665
175666
175667
175668
175669
175670
175671
175672
175675
175676
175677
175678
175680
175681
175682
175683
175684
175685
175686
175687
175688
175691
175693
175695
175696
175697
175698
175699
175700
175701
175702
175703
175704
175706
175707
175708
175709
175710
175711
175712
175713
175714
175716
175717
175718
175720
175721
175722
175723
175724
175725
175726
175727
175728
175730
175731
175732
175734
175735
175737
175738
175739
175741
175742
175744
175748
175749
175750
175751
175753
175754
175755
175757
175760
175762
175764
175765
175766
175767
175768
175769
175770
175771
175772
175773
175774
175775
175776
175777
175778
175781
175783
175785
175786
175788
175789
175790
175791
175792
175793
175795
175796
175798
175800
175801
175802
175804
175806
175807
175811
175813
175815
175817
175818
175819
175820
175821
175822
175823
175824
175825
175826
175827
175828
175829
175831
175832
175834
175836
175837
175838
175840
175841
175842
175843
175844
175845
175846
175847
175848
175849
175851
175852
175853
175855
175857
175858
175860
175861
175862
175863
175864
175865
175867
175868
175870
175871
175872
175873
175874
175875
175877
175878
175879
175885
175886
175890
175892
175895
175898
175899
175900
175901
175902
175903
175904
175905
175906
175907
175908
175909
175910
175912
175913
175914
175915
175916
175917
175918
175919
175920
175921
175922
175924
175925
175928
175930
175933
175934
175936
175938
175940
175943
175944
175945
175946
175947
175948
175950
175951
175952
175953
175955
175956
175958
175959
175960
175961
175962
175964
175966
175967
175968
175970
175971
175972
175973
175974
175975
175976
175977
175980
175981
175982
175983
175985
175986
175987
175989
175991
175993
175994
175995
175998
175999
176000
176001
176002
176003
176004
176005
176006
176007
176008
176010
176011
176012
176013
176015
176016
176018
176019
176020
176022
176023
176024
176027
176028
176029
176031
176033
176037
176039
176040
176041
176043
176044
176045
176047
176048
176049
176050
176051
176052
176053
176054
176055
176056
176058
176059
176060
176061
176063
176064
176065
176066
176067
176068
176069
176071
176072
176074
176076
176077
176078
176082
176083
176084
176086
176087
176089
176090
176091
176092
176093
176094
176095
176096
176097
176098
176099
176100
176101
176102
176103
176105
176108
176109
176110
176111
176112
176113
176114
176115
176116
176117
176118
176120
176121
176122
176123
176125
176126
176127
176128
176130
176131
176132
176133
176134
176136
176137
176138
176139
176140
176141
176143
176144
176145
176146
176147
176148
176149
176150
176152
176153
176154
176155
176157
176158
176159
176161
176162
176163
176164
176165
176168
176170
176172
176175
176176
176178
176179
176180
176181
176183
176185
176186
176187
176188
176189
176190
176194
176195
176196
176197
176198
176200
176201
176202
176204
176205
176206
176207
176208
176210
176211
176216
176217
176220
176221
176223
176224
176226
176227
176228
176229
176230
176231
176232
176233
176236
176237
176239
176240
176241
176242
176243
176244
176245
176246
176251
176252
176253
176254
176256
176257
176259
176260
176261
176263
176266
176267
176268
176272
176274
176275
176277
176278
176279
176280
176281
176282
176283
176284
176285
176286
176287
176289
176292
176293
176295
176296
176297
176298
176299
176300
176301
176302
176303
176304
176305
176307
176308
176310
176312
176313
176314
176315
176316
176318
176320
176321
176322
176323
176326
176327
176328
176329
176330
176331
176334
176335
176338
176340
176341
176343
176344
176345
176347
176348
176349
176353
176358
176359
176360
176361
176362
176363
176364
176366
176368
176369
176372
176373
176374
176376
176377
176378
176379
176380
176381
176383
176385
176386
176388
176389
176390
176391
176393
176394
176395
176396
176397
176398
176399
176401
176402
176403
176407
176409
176410
176415
176416
176419
176421
176422
176424
176426
176427
176430
176432
176433
176434
176435
176437
176438
176439
176440
176442
176444
176445
176446
176448
176449
176450
176451
176453
176454
176455
176457
176458
176460
176461
176462
176463
176464
176465
176466
176468
176469
176470
176471
176472
176473
176477
176479
176481
176482
176483
176485
176486
176487
176488
176490
176491
176493
176495
176497
176498
176499
176501
176502
176503
176504
176506
176507
176508
176509
176510
176511
176512
176514
176516
176517
176518
176519
176521
176523
176525
176526
176527
176530
176531
176532
176533
176534
176536
176538
176539
176540
176543
176544
176546
176548
176549
176551
176552
176554
176555
176556
176558
176559
176560
176561
176562
176563
176565
176566
176567
176568
176569
176570
176574
176576
176577
176580
176583
176584
176587
176588
176589
176591
176594
176595
176597
176601
176603
176604
176605
176606
176608
176609
176613
176614
176615
176617
176620
176622
176623
176625
176626
176627
176628
176629
176631
176632
176634
176635
176637
176638
176639
176640
176641
176642
176645
176646
176647
176649
176651
176652
176653
176654
176655
176656
176657
176658
176659
176660
176661
176662
176664
176666
176667
176668
176671
176672
176674
176675
176678
176679
176682
176683
176684
176686
176687
176688
176691
176694
176697
176698
176699
176702
176703
176704
176707
176708
176709
176710
176711
176713
176715
176716
176718
176719
176721
176724
176727
176729
176732
176733
176734
176736
176740
176742
176743
176748
176749
176750
176752
176753
176754
176755
176756
176757
176758
176760
176761
176762
176765
176766
176769
176770
176771
176772
176773
176774
176780
176782
176783
176784
176785
176786
176788
176789
176793
176794
176795
176796
176798
176799
176801
176802
176803
176806
176807
176808
176811
176812
176813
176814
176815
176816
176817
176825
176826
176827
176828
176829
176830
176832
176834
176837
176839
176840
176841
176842
176844
176846
176847
176848
176849
176851
176852
176854
176855
176857
176858
176860
176861
176862
176863
176864
176866
176868
176869
176870
176872
176873
176874
176877
176882
176883
176885
176890
176891
176893
176895
176900
176902
176905
176907
176908
176911
176913
176914
176918
176920
176921
176922
176923
176924
176925
176926
176927
176928
176929
176931
176932
176933
176934
176939
176941
176942
176943
176944
176945
176946
176950
176951
176952
176954
176955
176957
176958
176959
176966
176968
176969
176970
176971
176973
176975
176978
176979
176981
176983
176987
176989
176991
176992
176993
176995
176997
176998
176999
177000
177002
177003
177004
177007
177011
177016
177017
177018
177019
177021
177024
177027
177028
177029
177030
177032
177037
177038
177039
177040
177043
177045
177046
177047
177048
177054
177055
177056
177057
177058
177059
177061
177065
177067
177070
177072
177073
177074
177078
177079
177082
177084
177089
177095
177096
177097
177098
177099
177101
177102
177103
177104
177106
177107
177108
177111
177112
177114
177116
177117
177118
177119
177120
177123
177128
177133
177136
177138
177140
177141
177142
177144
177146
177153
177157
177160
177161
177162
177168
177169
177170
177180
177181
177182
177185
177190
177192
177195
177196
177197
177202
177203
177204
177208
177211
177212
177215
177217
177220
177223
177224
177226
177228
177229
177231
177233
177234
177235
177236
177237
177241
177242
177243
177244
177246
177248
177249
177250
177251
177253
177254
177266
177267
177269
177272
177276
177279
177280
177281
177282
177283
177286
177287
177290
177292
177293
177294
177295
177298
177306
177314
177315
177316
177317
177318
177319
177321
177324
177325
177329
177331
177334
177335
177336
177338
177339
177340
177341
177342
177343
177345
177350
177351
177352
177354
177355
177356
177358
177359
177361
177362
177364
177365
177366
177367
177369
177372
177373
177374
177377
177378
177381
177383
177386
177389
177390
177391
177392
177393
177395
177396
177397
177398
177400
177403
177405
177406
177407
177410
177413
177415
177416
177417
177419
177420
177422
177423
177425
177427
177429
177431
177433
177435
177436
177437
177438
177440
177441
177442
177445
177447
177451
177453
177454
177455
177456
177457
177458
177460
177461
177462
177463
177464
177466
177467
177469
177471
177473
177474
177475
177476
177480
177481
177482
177483
177485
177486
177489
177490
177491
177492
177493
177494
177495
177497
177498
177499
177503
177504
177505
177506
177510
177511
177513
177514
177515
177519
177520
177521
177524
177525
177526
177527
177528
177529
177530
177531
177532
177533
177534
177537
177538
177540
177541
177543
177545
177546
177547
177551
177552
177553
177555
177557
177560
177561
177562
177563
177566
177570
177571
177572
177573
177574
177576
177577
177578
177580
177582
177583
177586
177587
177589
177590
177591
177593
177594
177595
177596
177600
177601
177602
177603
177604
177606
177607
177609
177610
177611
177613
177615
177616
177617
177618
177619
177621
177622
177624
177625
177626
177627
177628
177629
177630
177631
177632
177633
177636
177637
177642
177643
177646
177647
177648
177651
177654
177655
177657
177658
177659
177661
177662
177673
177674
177678
177679
177681
177682
177683
177685
177686
177687
177693
177694
177695
177697
177698
177701
177702
177703
177704
177706
177707
177708
177709
177710
177711
177715
177716
177717
177719
177720
177722
177723
177724
177725
177726
177728
177729
177730
177731
177732
177734
177735
177736
177737
177738
177740
177741
177743
177748
177749
177752
177753
177756
177758
177759
177760
177761
177764
177768
177770
177772
177774
177775
177778
177779
177786
177787
177788
177789
177792
177793
177794
177795
177797
177798
177800
177804
177806
177807
177808
177810
177812
177815
177816
177818
177819
177820
177821
177822
177824
177826
177827
177830
177833
177835
177836
177837
177838
177839
177841
177842
177843
177845
177846
177848
177849
177852
177853
177854
177855
177856
177858
177859
177860
177865
177866
177868
177869
177870
177873
177875
177876
177878
177879
177880
177881
177882
177886
177888
177889
177890
177891
177892
177893
177894
177895
177896
177897
177899
177900
177902
177904
177905
177906
177908
177913
177914
177915
177916
177918
177919
177920
177921
177923
177924
177925
177926
177927
177928
177929
177930
177931
177932
177933
177934
177937
177938
177939
177940
177942
177943
177948
177949
177950
177951
177952
177953
177954
177956
177959
177961
177962
177963
177964
177965
177966
177967
177968
177970
177971
177972
177978
177979
177981
177983
177984
177985
177987
177988
177989
177990
177992
177994
177996
177998
177999
178001
178002
178003
178005
178006
178007
178008
178009
178010
178012
178013
178014
178015
178016
178017
178020
178021
178022
178023
178024
178025
178026
178027
178028
178029
178031
178033
178037
178039
178040
178042
178043
178044
178045
178046
178047
178048
178049
178050
178052
178053
178054
178056
178057
178058
178060
178061
178063
178064
178065
178067
178068
178069
178070
178071
178072
178073
178074
178077
178078
178079
178080
178081
178082
178083
178084
178086
178087
178088
178089
178090
178091
178092
178096
178098
178101
178102
178103
178104
178107
178113
178115
178116
178117
178120
178121
178122
178125
178130
178132
178135
178137
178138
178139
178140
178141
178143
178145
178146
178147
178148
178150
178151
178152
178153
178154
178155
178156
178157
178158
178159
178160
178161
178164
178165
178166
178167
178168
178169
178170
178171
178172
178173
178176
178178
178181
178182
178183
178184
178185
178186
178188
178191
178192
178194
178196
178199
178200
178201
178203
178207
178208
178210
178211
178214
178216
178217
178218
178221
178222
178225
178229
178230
178231
178232
178233
178235
178237
178244
178248
178250
178251
178252
178253
178257
178258
178259
178260
178263
178265
178267
178268
178269
178272
178277
178279
178280
178282
178284
178285
178288
178289
178290
178291
178293
178294
178295
178296
178297
178298
178299
178300
178303
178304
178305
178306
178307
178311
178316
178320
178321
178322
178324
178325
178330
178331
178333
178335
178336
178337
178338
178342
178344
178345
178346
178348
178350
178351
178352
178353
178354
178357
178360
178361
178362
178363
178364
178365
178370
178372
178373
178374
178376
178377
178380
178381
178382
178383
178385
178386
178387
178388
178389
178391
178392
178396
178397
178398
178401
178402
178403
178404
178405
178407
178408
178409
178411
178413
178414
178415
178416
178418
178419
178421
178423
178424
178425
178426
178431
178432
178434
178435
178437
178439
178441
178443
178445
178447
178450
178451
178452
178454
178455
178457
178458
178459
178460
178463
178464
178465
178468
178469
178470
178471
178478
178479
178482
178483
178484
178486
178487
178488
178489
178491
178494
178495
178496
178498
178499
178501
178502
178503
178504
178505
178507
178508
178509
178513
178514
178515
178516
178524
178525
178529
178531
178532
178533
178534
178535
178536
178537
178538
178540
178541
178542
178544
178546
178547
178551
178555
178556
178561
178574
178581
178583
178585
178587
178592
178597
178599
178602
178603
178606
178612
178614
178615
178616
178619
178620
178621
178623
178624
178629
178631
178632
178633
178638
178640
178645
178647
178658
178659
178660
178666
178667
178669
178670
178679
178680
178681
178684
178685
178686
178689
178692
178695
178696
178698
178702
178703
178709
178710
178711
178712
178713
178714
178716
178724
178725
178728
178729
178730
178732
178733
178734
178735
178738
178739
178740
178743
178745
178747
178751
178754
178755
178756
178759
178764
178768
178771
178772
178773
178777
178778
178779
178783
178784
178785
178787
178788
178789
178790
178791
178795
178797
178798
178799
178801
178803
178804
178805
178806
178810
178811
178812
178814
178815
178817
178818
178820
178821
178822
178823
178828
178829
178830
178831
178834
178835
178836
178837
178839
178840
178841
178844
178845
178846
178847
178848
178850
178852
178854
178855
178856
178857
178858
178859
178860
178863
178864
178867
178868
178870
178871
178872
178873
178874
178875
178877
178878
178881
178887
178888
178889
178891
178892
178893
178895
178896
178897
178898
178901
178903
178904
178907
178909
178912
178914
178915
178916
178919
178924
178926
178927
178928
178929
178930
178933
178934
178935
178937
178938
178940
178941
178942
178943
178944
178945
178952
178953
178954
178955
178956
178958
178959
178960
178961
178962
178964
178967
178970
178971
178972
178976
178979
178981
178985
178987
178988
178989
178992
178996
178997
178998
178999
179000
179001
179003
179010
179013
179014
179015
179017
179019
179020
179022
179023
179024
179025
179026
179027
179028
179029
179030
179032
179033
179034
179035
179039
179040
179041
179043
179045
179047
179049
179051
179052
179053
179054
179055
179056
179057
179058
179059
179060
179061
179062
179063
179064
179068
179069
179070
179071
179072
179073
179074
179075
179076
179077
179079
179080
179083
179084
179087
179090
179091
179095
179096
179100
179103
179105
179106
179111
179113
179114
179115
179116
179117
179118
179119
179120
179122
179124
179126
179127
179130
179133
179138
179140
179141
179142
179143
179145
179150
179151
179153
179154
179155
179159
179160
179161
179162
179163
179164
179165
179168
179169
179171
179177
179178
179179
179182
179183
179184
179188
179189
179190
179192
179193
179195
179196
179197
179198
179200
179201
179202
179204
179209
179210
179211
179212
179213
179216
179217
179220
179223
179224
179225
179228
179229
179230
179231
179233
179235
179236
179237
179239
179240
179242
179243
179244
179245
179246
179247
179254
179255
179256
179257
179259
179261
179262
179265
179266
179270
179272
179273
179274
179275
179276
179286
179287
179288
179289
179290
179291
179292
179296
179297
179298
179300
179302
179303
179304
179306
179307
179309
179310
179311
179312
179313
179316
179319
179321
179324
179326
179328
179329
179330
179331
179333
179336
179337
179338
179339
179340
179341
179343
179344
179345
179346
179347
179352
179353
179356
179358
179360
179361
179362
179364
179365
179368
179370
179371
179373
179375
179382
179383
179384
179387
179388
179389
179391
179392
179393
179394
179395
179400
179403
179404
179405
179408
179409
179410
179411
179412
179413
179416
179417
179418
179419
179420
179421
179423
179424
179425
179427
179428
179429
179431
179434
179435
179436
179437
179439
179440
179442
179443
179445
179446
179449
179454
179457
179458
179459
179460
179461
179462
179467
179468
179469
179471
179472
179473
179475
179476
179477
179478
179480
179481
179482
179484
179485
179486
179488
179489
179490
179492
179493
179494
179495
179496
179497
179498
179499
179500
179502
179503
179505
179506
179509
179510
179511
179513
179516
179518
179520
179521
179522
179524
179526
179527
179529
179533
179534
179535
179537
179538
179539
179541
179542
179543
179546
179548
179549
179550
179551
179552
179554
179555
179557
179561
179564
179567
179569
179571
179572
179573
179574
179578
179583
179585
179586
179587
179592
179593
179594
179596
179597
179598
179599
179601
179603
179605
179607
179608
179610
179611
179612
179616
179617
179620
179621
179624
179627
179628
179629
179630
179631
179632
179634
179636
179637
179638
179639
179641
179642
179645
179647
179649
179651
179652
179654
179656
179657
179658
179660
179662
179663
179666
179669
179670
179671
179672
179673
179674
179675
179676
179677
179678
179679
179680
179681
179683
179684
179685
179686
179688
179690
179691
179693
179695
179698
179699
179701
179703
179704
179705
179707
179709
179711
179714
179716
179718
179720
179721
179724
179726
179728
179729
179732
179733
179734
179736
179737
179738
179739
179740
179741
179742
179743
179746
179747
179748
179749
179751
179752
179756
179757
179758
179760
179766
179768
179769
179770
179772
179774
179775
179776
179778
179779
179781
179782
179783
179784
179786
179787
179788
179789
179790
179791
179793
179794
179795
179796
179800
179801
179802
179803
179804
179806
179807
179808
179809
179810
179811
179817
179818
179819
179821
179822
179823
179824
179826
179828
179829
179831
179832
179833
179834
179839
179841
179842
179846
179849
179850
179851
179852
179853
179854
179855
179856
179857
179859
179860
179862
179866
179868
179872
179873
179874
179875
179876
179877
179878
179879
179880
179881
179884
179888
179891
179893
179895
179897
179899
179902
179907
179909
179910
179912
179916
179920
179922
179929
179932
179935
179936
179938
179941
179942
179943
179944
179945
179946
179947
179948
179949
179956
179958
179959
179960
179962
179963
179965
179967
179968
179970
179971
179972
179974
179976
179981
179988
179991
179995
179996
179997
179998
179999
180000
180001
180002
180009
180010
180011
180013
180014
180015
180016
180017
180018
180019
180021
180022
180027
180028
180029
180032
180035
180037
180038
180039
180040
180043
180044
180047
180048
180049
180050
180052
180053
180056
180058
180059
180062
180065
180069
180072
180073
180074
180077
180079
180081
180084
180088
180089
180092
180093
180096
180100
180101
180102
180109
180111
180115
180118
180119
180122
180123
180125
180126
180127
180133
180149
180156
180160
180162
180164
180165
180167
180168
180169
180171
180175
180176
180180
180181
180182
180183
180185
180186
180187
180188
180195
180200
180203
180205
180207
180208
180209
180210
180213
180217
180218
180221
180223
180224
180228
180231
180232
180233
180235
180236
180237
180239
180240
180241
180243
180244
180245
180246
180251
180253
180256
180257
180262
180263
180264
180265
180269
180271
180272
180277
180278
180279
180282
180283
180285
180286
180287
180289
180290
180291
180296
180297
180299
180300
180302
180304
180306
180307
180311
180313
180315
180317
180320
180321
180324
180325
180326
180327
180330
180331
180338
180342
180343
180344
180345
180350
180352
180356
180357
180359
180360
180366
180367
180368
180369
180371
180372
180373
180374
180385
180389
180391
180392
180393
180394
180396
180397
180398
180399
180400
180401
180402
180403
180404
180406
180410
180413
180414
180416
180418
180419
180420
180421
180422
180423
180425
180426
180428
180429
180430
180431
180432
180433
180434
180435
180441
180443
180446
180447
180449
180450
180452
180455
180456
180458
180459
180460
180461
180463
180464
180465
180468
180472
180473
180475
180478
180479
180481
180484
180485
180486
180492
180495
180497
180499
180503
180504
180505
180510
180514
180515
180516
180518
180519
180520
180521
180522
180525
180529
180531
180532
180534
180535
180536
180537
180539
180543
180544
180545
180546
180549
180550
180552
180553
180555
180557
180566
180568
180569
180571
180572
180573
180574
180575
180576
180577
180579
180581
180582
180583
180585
180587
180589
180590
180591
180595
180596
180597
180598
180601
180603
180605
180606
180607
180608
180609
180611
180612
180613
180614
180616
180617
180620
180622
180623
180626
180627
180628
180630
180631
180634
180637
180638
180641
180644
180645
180646
180650
180651
180652
180653
180657
180658
180659
180661
180662
180663
180664
180667
180671
180672
180674
180679
180680
180681
180685
180686
180688
180690
180692
180695
180697
180698
180700
180701
180702
180705
180707
180708
180710
180713
180717
180718
180719
180721
180722
180723
180724
180725
180727
180728
180730
180735
180738
180740
180741
180744
180747
180748
180749
180750
180751
180752
180753
180755
180756
180757
180758
180759
180760
180761
180765
180766
180767
180768
180769
180770
180771
180772
180776
180778
180780
180781
180783
180785
180789
180790
180791
180795
180796
180797
180798
180799
180800
180801
180802
180803
180804
180808
180809
180810
180811
180813
180814
180818
180819
180820
180823
180826
180827
180828
180830
180832
180833
180843
180844
180845
180848
180850
180852
180853
180854
180857
180859
180861
180862
180863
180864
180865
180866
180868
180871
180872
180873
180874
180875
180876
180878
180880
180883
180884
180885
180887
180889
180890
180893
180895
180896
180897
180901
180902
180904
180906
180907
180909
180912
180914
180915
180917
180918
180919
180923
180925
180927
180928
180929
180931
180932
180933
180935
180938
180940
180941
180942
180945
180946
180947
180949
180950
180952
180954
180955
180956
180957
180958
180959
180961
180967
180969
180974
180976
180978
180979
180980
180981
180982
180983
180985
180986
180987
180988
180990
180992
180994
180996
180997
181002
181003
181004
181006
181007
181010
181012
181013
181017
181018
181019
181020
181022
181023
181025
181026
181029
181030
181031
181032
181034
181036
181038
181039
181041
181043
181044
181046
181047
181050
181052
181053
181055
181057
181058
181059
181060
181062
181064
181065
181066
181069
181070
181073
181079
181082
181084
181086
181088
181091
181093
181094
181096
181097
181098
181099
181101
181102
181103
181104
181108
181110
181111
181119
181121
181123
181124
181128
181131
181132
181138
181141
181143
181144
181148
181150
181153
181155
181157
181158
181160
181161
181162
181163
181166
181167
181168
181169
181170
181172
181174
181175
181177
181178
181179
181180
181182
181184
181187
181190
181191
181192
181194
181195
181196
181197
181198
181202
181205
181206
181209
181210
181212
181214
181215
181217
181218
181221
181222
181223
181225
181227
181229
181230
181231
181234
181236
181240
181244
181246
181247
181248
181249
181250
181251
181253
181255
181257
181259
181260
181261
181263
181264
181265
181267
181268
181271
181273
181274
181277
181278
181279
181280
181281
181282
181283
181284
181288
181289
181291
181292
181293
181295
181296
181297
181298
181299
181301
181302
181306
181307
181309
181311
181312
181315
181316
181317
181318
181319
181321
181324
181328
181329
181331
181332
181335
181337
181339
181340
181341
181342
181343
181344
181347
181348
181351
181353
181354
181356
181357
181358
181360
181362
181363
181364
181365
181368
181369
181370
181371
181372
181373
181374
181377
181378
181380
181382
181383
181384
181388
181390
181393
181398
181399
181400
181402
181403
181404
181405
181406
181407
181408
181409
181410
181411
181413
181414
181415
181416
181417
181421
181422
181423
181424
181426
181427
181428
181431
181432
181437
181439
181441
181442
181443
181444
181445
181448
181449
181450
181453
181455
181456
181457
181459
181462
181463
181464
181470
181471
181472
181473
181474
181475
181476
181478
181479
181480
181481
181484
181486
181487
181488
181489
181490
181491
181494
181495
181497
181498
181499
181500
181501
181502
181503
181504
181507
181510
181513
181514
181515
181518
181520
181522
181523
181524
181526
181527
181528
181529
181530
181531
181532
181537
181539
181543
181544
181545
181546
181547
181551
181552
181555
181556
181557
181558
181561
181562
181563
181564
181566
181567
181568
181570
181571
181572
181573
181574
181575
181576
181577
181578
181581
181586
181587
181588
181589
181591
181592
181593
181594
181595
181598
181599
181600
181603
181605
181606
181607
181608
181609
181610
181611
181612
181613
181616
181617
181618
181620
181621
181624
181625
181626
181627
181631
181633
181635
181638
181639
181640
181641
181644
181646
181647
181648
181649
181650
181651
181652
181656
181657
181658
181661
181662
181663
181664
181666
181668
181669
181671
181674
181677
181679
181682
181686
181688
181689
181690
181691
181692
181695
181697
181698
181699
181701
181702
181704
181705
181708
181711
181712
181713
181714
181715
181716
181718
181719
181721
181722
181723
181724
181726
181727
181728
181729
181733
181736
181741
181743
181745
181752
181754
181755
181756
181758
181759
181761
181763
181767
181771
181772
181773
181775
181776
181778
181783
181786
181788
181789
181790
181797
181800
181801
181807
181817
181821
181822
181823
181830
181833
181842
181845
181848
181849
181852
181860
181861
181863
181865
181891
181892
181894
181899
181902
181904
181905
181907
181911
181917
181931
181937
181943
181944
181950
181955
181956
181957
181961
181989
181990
181994
181999
182001
182004
182010
182011
182017
182018
182022
182027
182029
182035
182037
182043
182047
182048
182050
182055
182061
182067
182069
182074
182077
182092
182104
182114
182115
182123
182124
182128
182136
182139
182143
182145
182155
182158
182160
182163
182164
182172
182179
182183
182190
182191
182195
182211
182228
182229
182232
182237
182239
182240
182247
182248
182252
182254
182256
182257
182261
182262
182266
182273
182275
182276
182278
182280
182284
182286
182288
182293
182309
182313
182317
182319
182321
182322
182325
182329
182349
182350
182356
182360
182368
182371
182375
182377
182382
182393
182398
182399
182401
182407
182422
182435
182446
182454
182456
182458
182459
182462
182467
182474
182480
182487
182489
182490
182491
182493
182494
182498
182503
182507
182512
182538
182543
182568
182569
182576
182577
182578
182579
182593
182601
182611
182612
182613
182619
182621
182623
182625
182626
182629
182630
182635
182638
182640
182641
182643
182648
182650
182658
182671
182672
182676
182678
182679
182681
182684
182694
182697
182698
182703
182706
182711
182717
182719
182722
182726
182739
182742
182747
182753
182756
182758
182759
182760
182766
182780
182781
182791
182792
182803
182805
182807
182812
182815
182816
182817
182836
182850
182856
182861
182864
182874
182875
182876
182888
182891
182892
182894
182896
182905
182915
182917
182921
182922
182923
182924
182929
182936
182940
182942
182944
182945
182949
182953
182954
182959
182964
182969
182970
182977
182978
182980
182981
182983
182987
182997
183000
183007
183012
183022
183033
183035
183040
183041
183056
183082
183095
183097
183098
183101
183104
183109
183118
183123
183125
183129
183139
183155
183156
183158
183162
183165
183176
183179
183181
183187
183189
183192
183193
183199
183200
183204
183210
183212
183218
183219
183220
183222
183223
183224
183226
183238
183239
183240
183241
183243
183245
183250
183252
183261
183268
183270
183273
183279
183280
183288
183304
183310
183311
183312
183324
183326
183332
183333
183343
183344
183349
183350
183352
183355
183356
183365
183366
183367
183371
183377
183384
183398
183400
183402
183403
183413
183417
183426
183427
183428
183430
183433
183434
183453
183457
183461
183464
183469
183473
183479
183483
183500
183510
183513
183517
183519
183539
183545
183546
183552
183555
183558
183563
183571
183572
183576
183583
183602
183605
183610
183615
183617
183618
183626
183627
183628
183635
183640
183652
183656
183663
183674
183676
183682
183700
183722
183737
183741
183747
183748
183753
183755
183765
183767
183768
183775
183777
183779
183789
183792
183795
183807
183812
183817
183821
183834
183835
183836
183841
183844
183851
183855
183857
183859
183862
183865
183866
183883
183887
183891
183896
183897
183902
183903
183911
183913
183914
183917
183930
183932
183933
183935
183938
183940
183941
183942
183946
183948
183952
183957
183959
183973
183975
183978
183980
183981
183990
183993
183994
184000
184003
184005
184015
184024
184032
184042
184043
184047
184058
184059
184064
184075
184078
184079
184080
184085
184086
184091
184092
184093
184098
184107
184110
184112
184117
184134
184162
184167
184173
184174
184177
184187
184188
184190
184191
184198
184199
184201
184202
184204
184206
184210
184211
184215
184218
184221
184239
184245
184248
184253
184255
184256
184257
184258
184259
184260
184261
184265
184267
184270
184271
184272
184273
184284
184285
184286
184287
184293
184295
184301
184305
184307
184309
184312
184329
184341
184346
184347
184360
184363
184365
184366
184367
184373
184376
184388
184389
184395
184406
184410
184411
184416
184417
184419
184429
184431
184438
184441
184443
184450
184451
184457
184461
184463
184472
184473
184480
184486
184487
184495
184497
184508
184511
184522
184533
184534
184535
184557
184558
184560
184564
184565
184566
184573
184575
184577
184591
184595
184602
184611
184612
184613
184622
184627
184628
184646
184647
184659
184665
184675
184681
184685
184687
184715
184719
184733
184743
184746
184748
184750
184751
184756
184757
184759
184760
184765
184767
184768
184770
184772
184788
184793
184798
184803
184804
184806
184809
184827
184829
184845
184848
184850
184864
184865
184866
184878
184879
184883
184885
184886
184891
184901
184902
184904
184905
184910
184911
184914
184916
184917
184922
184931
184935
184944
184946
184949
184951
184953
184954
184969
184973
184980
184981
184982
184984
184988
184991
184992
184995
184997
185001
185003
185004
185006
185013
185021
185022
185036
185038
185046
185047
185050
185054
185086
185096
185098
185099
185103
185109
185112
185118
185121
185123
185138
185141
185146
185147
185156
185173
185179
185183
185193
185196
185201
185204
185205
185213
185214
185220
185222
185237
185241
185248
185249
185257
185258
185259
185264
185268
185278
185281
185285
185291
185299
185319
185322
185323
185326
185330
185331
185332
185335
185336
185339
185346
185352
185357
185364
185374
185376
185392
185404
185405
185407
185408
185409
185410
185412
185415
185422
185423
185428
185431
185438
185456
185460
185464
185469
185473
185478
185479
185480
185483
185500
185505
185508
185516
185520
185530
185532
185534
185535
185541
185547
185569
185571
185575
185594
185600
185603
185622
185623
185632
185634
185650
185654
185656
185670
185673
185675
185679
185680
185681
185682
185684
185685
185686
185690
185691
185693
185707
185709
185715
185718
185719
185720
185721
185726
185727
185729
185730
185731
185734
185736
185740
185741
185746
185757
185773
185789
185794
185800
185802
185803
185807
185809
185810
185814
185826
185827
185828
185831
185842
185851
185853
185859
185862
185868
185870
185872
185873
185875
185876
185878
185881
185882
185896
185898
185900
185909
185912
185913
185915
185926
185932
185933
185944
185955
185958
185967
185970
185975
185979
185980
185981
185982
185991
185993
185998
186005
186008
186009
186010
186039
186044
186045
186058
186063
186065
186073
186083
186085
186100
186108
186111
186113
186116
186133
186137
186139
186142
186143
186145
186148
186156
186157
186162
186168
186169
186170
186176
186179
186182
186189
186191
186194
186197
186213
186214
186221
186222
186223
186226
186227
186237
186249
186250
186278
186287
186298
186299
186300
186307
186308
186315
186321
186322
186326
186337
186340
186343
186366
186367
186373
186376
186377
186386
186391
186392
186404
186407
186438
186441
186442
186444
186447
186449
186467
186468
186477
186478
186492
186499
186512
186536
186543
186544
186547
186549
186551
186563
186579
186584
186588
186592
186594
186604
186607
186608
186625
186632
186634
186637
186638
186641
186669
186670
186671
186673
186708
186714
186716
186719
186723
186725
186741
186752
186755
186765
186770
186774
186775
186785
186789
186791
186796
186797
186798
186800
186801
186807
186815
186816
186823
186827
186828
186832
186840
186855
186862
186864
186869
186872
186873
186874
186882
186891
186892
186912
186913
186917
186918
186922
186925
186927
186939
186947
186951
186954
186958
186960
186979
186980
187003
187005
187013
187017
187018
187019
187025
187026
187037
187041
187043
187053
187054
187056
187058
187062
187070
187076
187080
187083
187085
187086
187087
187089
187092
187105
187106
187111
187120
187124
187128
187132
187133
187137
187147
187148
187152
187164
187175
187178
187182
187184
187190
187199
187208
187211
187214
187217
187223
187229
187234
187239
187256
187261
187262
187263
187266
187278
187283
187297
187304
187311
187312
187317
187320
187322
187337
187345
187350
187353
187375
187377
187390
187392
187399
187408
187409
187416
187417
187422
187425
187430
187433
187434
187440
187441
187446
187448
187449
187451
187453
187454
187460
187463
187465
187470
187486
187492
187502
187504
187508
187511
187512
187515
187516
187517
187518
187528
187529
187530
187532
187537
187540
187543
187568
187585
187592
187594
187598
187600
187602
187612
187613
187630
187635
187639
187642
187645
187657
187662
187671
187677
187679
187685
187692
187696
187700
187705
187716
187723
187728
187751
187757
187766
187769
187770
187773
187778
187779
187804
187808
187809
187810
187813
187814
187815
187817
187825
187826
187833
187835
187836
187841
187843
187851
187855
187867
187869
187872
187885
187888
187889
187899
187900
187901
187902
187904
187907
187916
187920
187927
187932
187933
187934
187966
187968
187970
187972
187988
188016
188022
188023
188027
188029
188034
188040
188051
188063
188064
188067
188075
188081
188083
188090
188097
188110
188111
188113
188117
188122
188126
188131
188133
188141
188142
188148
188157
188160
188163
188172
188173
188175
188178
188180
188189
188216
188217
188219
188227
188228
188232
188238
188246
188247
188252
188265
188269
188274
188290
188303
188311
188314
188324
188325
188340
188348
188358
188360
188362
188364
188368
188370
188371
188382
188384
188387
188388
188394
188408
188415
188418
188421
188423
188429
188432
188434
188435
188443
188451
188455
188457
188459
188466
188472
188474
188475
188488
188491
188492
188497
188500
188502
188506
188509
188513
188514
188522
188527
188528
188538
188539
188546
188549
188554
188555
188557
188569
188574
188576
188577
188582
188585
188586
188590
188596
188606
188608
188615
188620
188624
188632
188633
188641
188646
188652
188661
188663
188666
188671
188680
188683
188694
188695
188701
188703
188710
188722
188728
188731
188732
188733
188736
188742
188746
188757
188767
188771
188774
188776
188781
188792
188802
188812
188815
188816
188825
188828
188830
188837
188838
188843
188848
188851
188854
188863
188864
188869
188872
188876
188882
188896
188904
188912
188915
188916
188922
188941
188946
188956
188957
188963
188966
188967
188968
188971
188978
189006
189013
189017
189022
189026
189028
189029
189032
189033
189035
189040
189049
189051
189052
189055
189058
189062
189077
189084
189094
189096
189098
189108
189110
189112
189114
189115
189116
189117
189120
189126
189142
189149
189157
189162
189165
189167
189170
189185
189189
189191
189193
189194
189201
189203
189204
189214
189215
189226
189231
189234
189240
189242
189244
189252
189253
189263
189267
189280
189281
189284
189288
189289
189295
189298
189304
189307
189330
189332
189345
189346
189367
189368
189376
189381
189386
189416
189425
189435
189437
189442
189448
189453
189455
189456
189457
189458
189459
189466
189467
189469
189470
189475
189497
189514
189521
189522
189527
189528
189546
189554
189563
189580
189585
189588
189590
189606
189610
189616
189617
189618
189636
189638
189639
189640
189642
189647
189649
189663
189664
189667
189674
189675
189676
189679
189684
189686
189689
189692
189693
189695
189700
189703
189705
189706
189707
189722
189724
189726
189728
189730
189731
189733
189734
189736
189743
189747
189750
189754
189758
189764
189769
189773
189780
189782
189783
189785
189791
189799
189814
189815
189825
189832
189836
189840
189844
189846
189849
189869
189876
189877
189878
189901
189905
189911
189912
189914
189922
189926
189927
189950
189959
189961
189964
189966
189970
189975
189977
189978
189988
189992
189994
189995
190000
190011
190015
190020
190022
190025
190028
190029
190039
190048
190051
190054
190064
190069
190078
190079
190086
190089
190090
190092
190096
190098
190099
190100
190103
190105
190110
190137
190138
190148
190159
190180
190181
190183
190185
190187
190192
190193
190203
190204
190213
190217
190219
190223
190224
190226
190237
190243
190246
190251
190256
190259
190261
190264
190267
190268
190269
190293
190298
190302
190305
190310
190311
190314
190317
190325
190328
190331
190336
190338
190355
190359
190365
190370
190379
190381
190386
190395
190399
190400
190408
190421
190424
190433
190441
190447
190454
190455
190457
190458
190469
190485
190486
190493
190496
190499
190501
190505
190507
190509
190511
190512
190529
190547
190551
190557
190559
190560
190574
190576
190579
190583
190586
190588
190600
190601
190602
190605
190607
190610
190611
190615
190617
190649
190661
190666
190668
190671
190678
190688
190700
190701
190704
190705
190706
190707
190715
190727
190732
190737
190740
190741
190742
190759
190769
190775
190777
190780
190787
190788
190792
190797
190799
190800
190802
190805
190806
190808
190814
190823
190838
190860
190865
190894
190914
190915
190922
190925
190929
190930
190941
190949
190952
190954
190956
190958
190961
190962
190968
190970
190976
190979
190993
190999
191004
191018
191021
191026
191032
191044
191055
191069
191072
191088
191090
191093
191101
191104
191105
191115
191123
191124
191125
191126
191128
191132
191134
191143
191149
191152
191159
191164
191167
191170
191174
191178
191195
191199
191200
191209
191220
191222
191230
191242
191261
191275
191277
191278
191282
191283
191288
191290
191294
191311
191315
191317
191318
191326
191327
191329
191335
191342
191347
191360
191363
191380
191383
191385
191389
191395
191402
191403
191409
191415
191419
191422
191423
191426
191428
191432
191435
191443
191448
191454
191455
191456
191457
191461
191463
191464
191467
191468
191472
191473
191484
191491
191497
191500
191508
191509
191515
191516
191523
191525
191526
191528
191537
191538
191540
191559
191563
191564
191566
191597
191600
191608
191611
191614
191615
191617
191618
191619
191620
191621
191622
191623
191624
191625
191627
191628
191629
191631
191634
191635
191642
191645
191649
191654
191655
191661
191666
191667
191669
191670
191672
191675
191676
191677
191678
191679
191681
191687
191690
191692
191697
191700
191701
191703
191704
191706
191707
191710
191713
191716
191717
191718
191719
191721
191722
191727
191728
191731
191732
191735
191736
191737
191740
191741
191743
191744
191757
191761
191762
191765
191766
191768
191769
191771
191774
191777
191784
191791
191797
191813
191847
191850
191863
191876
191921
191965
191968
191997
192000
192006
192021
192033
192051
192052
192053
192054
192056
192060
192063
192064
192065
192067
192073
192074
192081
192083
192086
192088
192089
192091
245997
245998
246008
246019
2565697
2565702
259316
259329
259332
259333
259335
259340
259341
259343
259349
259365
259368
259373
259374
259380
259387
259389
259393
259401
259414
259415
259434
259448
259457
259465
259475
259481
259487
259488
259490
259498
259500
259501
259502
259504
259512
259519
259527
259544
259546
259559
259570
259571
259578
259580
259584
259589
259608
259617
259619
259626
259646
259649
259654
259655
259671
259685
259695
259699
259704
259719
259720
259724
259726
259727
259738
259768
259800
259801
259826
259839
259844
259887
259963
260016
260017
260026
260040
260090
260097
260102
260106
260110
260181
260216
260219
260224
260266
266646
266648
266650
266652
266653
266817
266819
266820
266822
266823
266824
266825
266828
266829
266830
266836
266837
266842
266844
266845
266847
266853
266854
266858
266859
266861
266878
266885
266886
266900
266912
266915
266916
266923
266926
266969
267057
353391
353392
353395
353396
353400
353420
353425
353430
353437
353452
353455
353456
353481
353482
353487
3564762
3564779
3564786
3564794
3564796
3564797
3564798
3564800
3564805
3564807
3564809
3564810
3564813
3564818
3564822
3564835
3564838
3564844
3564851
3564857
3564865
3564868
3564873
3564874
3564893
3564894
3564910
3564919
3564920
3564922
3564934
3564936
3564941
3564942
3564944
3564949
3564957
3564966
3564968
3564970
3564983
3564985
3565008
3565010
3565011
3565014
3565022
3565028
3565030
3565035
3565037
3565046
3565050
3565051
3565057
3565059
3565063
3565064
3565074
3565076
3565081
3565085
3565088
3565103
3565105
3565110
3565117
3565124
3565128
3565137
3565141
3565160
3565170
3565174
3565191
3565192
3565199
3565200
3565201
3565206
3565222
3565223
3565230
3565232
3565234
3565237
3565251
3565253
3565257
3565259
3565273
3565279
3565285
3565291
3565295
3565337
3565338
3565354
3565362
3565368
3565393
3565400
3565402
3565405
3565407
3565419
3565421
3565434
3565440
3565441
3565442
3565443
3565447
3565458
3565463
3565469
3565470
3565475
3565478
3565504
3565509
3565514
3565515
3565525
3565529
3565539
3565545
3565555
3565561
3565570
3565572
3565577
3565578
3565580
3565589
3565590
3565593
3565594
3565610
3565613
3565624
3565634
3565635
3565636
3565637
3565639
3565651
3565661
3565680
3565681
3565691
3565703
3565704
3565705
3565706
3565712
3565725
3565732
3565735
3565738
3565745
3565750
3565757
3565767
3565776
3565786
3565793
3565794
3565796
3565801
3565805
3565814
3565820
3565829
3565842
3565843
3565846
3565854
3565860
3565861
3565862
3565865
3565871
3565873
3565884
3565888
3565889
3565891
3565899
3565901
3565904
3565912
3565921
3565931
3565940
3565947
3565952
3565955
3565959
3565967
3565972
3565977
3565992
3565996
3565999
3896724
3896740
3896741
3896749
3896756
3896760
3896777
3896779
3896795
3896799
3896802
3896821
3896822
3896881
3896883
3896896
4363002
4363006
4363011
4363020
4363023
4363028
4363029
4363033
4363060
4363062
4363063
4363077
4363082
4363084
4363088
4363098
4363100
4363113
4363114
4363123
4926894
4926960
4926972
4926976
4927009
4927018
4927037
4927039
4927056
4927064
6418581
6418604
6418611
6418622
6418633
6418638
6418647
6418676
6418689
6418702
6418718
6418742
6418761
6418826
6418827
6418830
6418836
6418853
6418867
6418874
7040157
7040158
7040189
7040191
